0 0.25 0.98046875 0.01171875 0.03125
0 0.2109375 0.90234375 0.01171875 0.03125
0 0.4453125 0.8515625 0.015625 0.04296875
0 0.1796875 0.828125 0.01171875 0.03125
0 0.15234375 0.7421875 0.01171875 0.03125
0 0.14453125 0.65625 0.01171875 0.03125
0 0.140625 0.5703125 0.01171875 0.02734375
0 0.1484375 0.484375 0.01171875 0.02734375
0 0.171875 0.40234375 0.01171875 0.03125
0 0.19921875 0.32421875 0.01171875 0.02734375
0 0.22265625 0.25 0.01171875 0.02734375
0 0.23828125 0.25390625 0.01171875 0.02734375
0 0.27734375 0.1875 0.01171875 0.02734375
0 0.33203125 0.13671875 0.01171875 0.02734375
0 0.3828125 0.1015625 0.01171875 0.02734375
0 0.4453125 0.078125 0.01171875 0.02734375
0 0.50390625 0.0703125 0.01171875 0.02734375
0 0.5625 0.08203125 0.01171875 0.02734375
0 0.62109375 0.109375 0.01171875 0.02734375
0 0.6796875 0.15234375 0.01171875 0.02734375
0 0.72265625 0.203125 0.01171875 0.03125
0 0.74609375 0.2734375 0.01171875 0.02734375
0 0.76171875 0.2734375 0.01171875 0.02734375
0 0.79296875 0.34765625 0.01171875 0.02734375
0 0.8203125 0.42578125 0.01171875 0.03125
0 0.8359375 0.51171875 0.01171875 0.03125
0 0.83984375 0.59765625 0.01171875 0.03125
0 0.8359375 0.6875 0.015625 0.03125
0 0.8203125 0.76953125 0.01171875 0.03125
0 0.79296875 0.85546875 0.01171875 0.03125
0 0.76171875 0.9296875 0.01171875 0.03125
1 0.23828125 0.98046875 0.0078125 0.02734375
3 0.19921875 0.90234375 0.01171875 0.03125
4 0.16796875 0.828125 0.01171875 0.03125
5 0.140625 0.7421875 0.01171875 0.02734375
6 0.12890625 0.65625 0.01171875 0.03125
7 0.125 0.56640625 0.01171875 0.03125
8 0.13671875 0.48046875 0.01171875 0.03125
9 0.15625 0.3984375 0.01171875 0.02734375
10 0.18359375 0.32421875 0.01171875 0.02734375
1 0.21484375 0.25 0.0078125 0.02734375
1 0.2578125 0.1875 0.0078125 0.02734375
1 0.265625 0.1875 0.0078125 0.02734375
1 0.30859375 0.13671875 0.0078125 0.02734375
1 0.359375 0.1015625 0.0078125 0.02734375
1 0.41796875 0.078125 0.0078125 0.02734375
1 0.48046875 0.06640625 0.0078125 0.02734375
1 0.53515625 0.08203125 0.0078125 0.02734375
1 0.59765625 0.109375 0.0078125 0.02734375
1 0.65234375 0.15234375 0.0078125 0.02734375
1 0.69921875 0.203125 0.0078125 0.02734375
1 0.78125 0.34765625 0.0078125 0.03125
3 0.3203125 0.13671875 0.01171875 0.03125
4 0.37109375 0.1015625 0.01171875 0.02734375
5 0.4296875 0.078125 0.01171875 0.02734375
6 0.4921875 0.0703125 0.01171875 0.02734375
7 0.546875 0.08203125 0.01171875 0.02734375
8 0.60546875 0.109375 0.01171875 0.02734375
9 0.6640625 0.15234375 0.01171875 0.02734375
10 0.70703125 0.203125 0.01171875 0.02734375
3 0.734375 0.2734375 0.01171875 0.03125
3 0.76953125 0.34765625 0.01171875 0.03125
3 0.79296875 0.42578125 0.01171875 0.03125
3 0.80859375 0.42578125 0.01171875 0.03125
3 0.80859375 0.51171875 0.01171875 0.03125
3 0.8125 0.59765625 0.01171875 0.03125
3 0.8046875 0.68359375 0.01171875 0.03125
3 0.79296875 0.76953125 0.01171875 0.03125
3 0.765625 0.85546875 0.01171875 0.03125
3 0.734375 0.92578125 0.01171875 0.03125
4 0.8203125 0.51171875 0.01171875 0.03125
5 0.828125 0.59765625 0.01171875 0.03125
6 0.8203125 0.68359375 0.01171875 0.03125
7 0.80859375 0.76953125 0.01171875 0.03125
8 0.78125 0.85546875 0.01171875 0.03125
9 0.74609375 0.9296875 0.01171875 0.03125
6 0.42578125 0.8515625 0.015625 0.04296875