8 0.59765625 0.8203125 0.0234375 0.05078125
8 0.34765625 0.82421875 0.02734375 0.04296875
5 0.55078125 0.8203125 0.0234375 0.05078125
1 0.62109375 0.8203125 0.0234375 0.05078125
1 0.39453125 0.55078125 0.015625 0.0390625
3 0.4140625 0.55078125 0.0234375 0.0390625
9 0.34765625 0.53515625 0.01953125 0.04296875
4 0.390625 0.828125 0.015625 0.04296875
4 0.4140625 0.828125 0.01953125 0.04296875
10 0.5546875 0.53125 0.01953125 0.05078125
7 0.57421875 0.53515625 0.01953125 0.04296875
0 0.6171875 0.5390625 0.01953125 0.0390625