8 0.453125 0.6796875 0.0234375 0.046875
8 0.703125 0.66796875 0.0234375 0.046875
5 0.66015625 0.6640625 0.0234375 0.04296875
1 0.7265625 0.6640625 0.01953125 0.05078125
1 0.49609375 0.41015625 0.01953125 0.03515625
3 0.51953125 0.40625 0.01953125 0.0390625
9 0.45703125 0.3984375 0.01953125 0.0390625
4 0.5 0.6796875 0.015625 0.04296875
4 0.51953125 0.68359375 0.01953125 0.04296875
10 0.6484375 0.38671875 0.01953125 0.04296875
7 0.66796875 0.3828125 0.01953125 0.0390625
0 0.7109375 0.3828125 0.01953125 0.0390625