3 0.12890625 0.28515625 0.0078125 0.0078125
1 0.140625 0.28515625 0.00390625 0.0078125
10 0.1484375 0.28515625 0.0078125 0.01171875
0 0.13671875 0.28515625 0.0078125 0.01171875
8 0.10546875 0.28515625 0.0078125 0.01171875
8 0.109375 0.28515625 0.00390625 0.01171875
0 0.30078125 0.30078125 0.0078125 0.01171875
0 0.30859375 0.30078125 0.0078125 0.01171875
9 0.29296875 0.30078125 0.0078125 0.01171875
0 0.1875 0.34765625 0.0078125 0.0078125
0 0.18359375 0.34765625 0.0078125 0.0078125
9 0.17578125 0.34765625 0.0078125 0.01171875
3 0.19921875 0.4296875 0.00390625 0.01171875
3 0.2109375 0.4296875 0.0078125 0.01171875
0 0.21875 0.4296875 0.0078125 0.01171875
0 0.20703125 0.4296875 0.00390625 0.01171875
3 0.3671875 0.80078125 0.0078125 0.015625
9 0.375 0.80078125 0.0078125 0.015625
3 0.26953125 0.84375 0.015625 0.0234375
1 0.3203125 0.84375 0.015625 0.0234375
0 0.28515625 0.84375 0.015625 0.0234375
3 0.30078125 0.84375 0.015625 0.0234375
6 0.08203125 0.84375 0.01171875 0.0234375
10 0.09765625 0.84375 0.015625 0.0234375
7 0.234375 0.84375 0.015625 0.0234375
3 0.0546875 0.84375 0.01171875 0.0234375
8 0.10546875 0.92578125 0.015625 0.0234375