8 0.43359375 0.703125 0.0234375 0.05078125
8 0.69921875 0.859375 0.0390625 0.078125
5 0.64453125 0.82421875 0.03515625 0.0625
1 0.5078125 0.37109375 0.0234375 0.0546875
1 0.72265625 0.88671875 0.0390625 0.07421875
3 0.53515625 0.37890625 0.0234375 0.0546875
9 0.47265625 0.33984375 0.0234375 0.0546875
4 0.46875 0.7265625 0.01953125 0.0546875
4 0.48828125 0.74609375 0.0234375 0.0546875
10 0.69921875 0.40234375 0.03125 0.07421875
7 0.73046875 0.41015625 0.02734375 0.0703125
0 0.79296875 0.4375 0.03125 0.06640625