8 0.40625 0.6796875 0.04296875 0.07421875
8 0.88671875 0.75 0.04296875 0.0859375
5 0.80078125 0.7421875 0.05859375 0.08984375
1 0.93359375 0.765625 0.0390625 0.09375
1 0.5390625 0.19921875 0.03515625 0.07421875
3 0.57421875 0.20703125 0.0390625 0.0625
9 0.46484375 0.17578125 0.03515625 0.0625
4 0.48828125 0.70703125 0.03125 0.0859375
4 0.52734375 0.71875 0.03125 0.078125
10 0.83203125 0.20703125 0.0390625 0.08203125
7 0.87109375 0.2109375 0.03515625 0.078125
0 0.953125 0.2265625 0.03515625 0.06640625