3 0.30859375 0.2421875 0.015625 0.04296875
1 0.296875 0.23828125 0.01171875 0.04296875
7 0.5078125 0.2421875 0.015625 0.04296875
7 0.46875 0.2421875 0.015625 0.0390625
8 0.65625 0.2421875 0.015625 0.0390625
3 0.67578125 0.2421875 0.01171875 0.0390625
8 0.5234375 0.2421875 0.015625 0.0390625
5 0.640625 0.2421875 0.015625 0.0390625
4 0.33203125 0.2421875 0.015625 0.0390625
3 0.4921875 0.2421875 0.015625 0.0390625
3 0.82421875 0.046875 0.015625 0.046875
3 0.8046875 0.046875 0.01953125 0.046875
8 0.20703125 0.953125 0.015625 0.046875
3 0.2578125 0.953125 0.015625 0.046875
1 0.1484375 0.953125 0.01171875 0.046875
1 0.19140625 0.953125 0.01171875 0.04296875
4 0.2890625 0.953125 0.01953125 0.046875
6 0.30859375 0.953125 0.01953125 0.046875
6 0.1640625 0.953125 0.015625 0.046875
1 0.23828125 0.94921875 0.015625 0.046875
8 0.1171875 0.953125 0.015625 0.04296875