1 0.03125 0.82421875 0.0078125 0.02734375
1 0.05078125 0.82421875 0.0078125 0.02734375
4 0.06640625 0.82421875 0.01171875 0.02734375
3 0.203125 0.82421875 0.015625 0.02734375
4 0.21875 0.8203125 0.015625 0.02734375
3 0.24609375 0.8203125 0.015625 0.02734375
0 0.26171875 0.8203125 0.015625 0.02734375
3 0.27734375 0.82421875 0.015625 0.02734375
1 0.29296875 0.8203125 0.0078125 0.0234375
4 0.0390625 0.94140625 0.015625 0.03125
4 0.07421875 0.94140625 0.015625 0.02734375
4 0.26171875 0.94140625 0.015625 0.02734375
0 0.05859375 0.94140625 0.015625 0.03125
7 0.24609375 0.94140625 0.015625 0.02734375
1 0.484375 0.9453125 0.01171875 0.03125
5 0.5078125 0.9453125 0.015625 0.02734375
0 0.5234375 0.94140625 0.015625 0.0234375
10 0.5390625 0.94140625 0.015625 0.02734375