8 0.7265625 0.6640625 0.02734375 0.0546875
8 0.3984375 0.68359375 0.02734375 0.05859375
5 0.6640625 0.66796875 0.03515625 0.05078125
1 0.44921875 0.32421875 0.0234375 0.05078125
1 0.75390625 0.67578125 0.02734375 0.0625
3 0.48046875 0.32421875 0.0234375 0.05078125
9 0.3984375 0.30859375 0.0234375 0.0546875
4 0.4609375 0.69140625 0.0234375 0.0546875
4 0.484375 0.69140625 0.0234375 0.0546875
10 0.66015625 0.29296875 0.0234375 0.0546875
7 0.6875 0.29296875 0.0234375 0.05078125
0 0.7421875 0.296875 0.02734375 0.05859375