1 0.29296875 0.34375 0.08203125 0.16015625
3 0.40625 0.34375 0.1171875 0.1640625
4 0.53515625 0.34375 0.1015625 0.15234375
5 0.67578125 0.33984375 0.1171875 0.1640625
5 0.578125 0.86328125 0.125 0.171875
1 0.6953125 0.515625 0.0859375 0.15234375
1 0.6953125 0.69140625 0.08984375 0.15234375
1 0.703125 0.86328125 0.078125 0.15234375
0 0.5859375 0.69140625 0.109375 0.15234375
3 0.32421875 0.87109375 0.125 0.15625
4 0.453125 0.87109375 0.109375 0.1640625
6 0.3125 0.51953125 0.11328125 0.15625
7 0.453125 0.51953125 0.1171875 0.16015625
8 0.58203125 0.515625 0.109375 0.16015625
9 0.31640625 0.69140625 0.125 0.171875
10 0.44921875 0.69140625 0.1171875 0.16015625