0 0.05078125 0.15625 0.09765625 0.1875
0 0.03515625 0.51171875 0.0703125 0.10546875
0 0.05859375 0.8515625 0.1015625 0.1796875
1 0.14453125 0.16015625 0.06640625 0.17578125
1 0.11328125 0.51171875 0.0703125 0.12109375
1 0.15625 0.84765625 0.07421875 0.17578125
3 0.2421875 0.16015625 0.08203125 0.1796875
3 0.1875 0.515625 0.0625 0.11328125
3 0.2421875 0.8515625 0.07421875 0.171875
4 0.3359375 0.1875 0.0859375 0.2421875
4 0.23828125 0.578125 0.10546875 0.26171875
4 0.32421875 0.8828125 0.07421875 0.23046875
5 0.4375 0.1875 0.09765625 0.234375
5 0.33984375 0.5234375 0.078125 0.1796875
5 0.421875 0.875 0.09375 0.22265625
6 0.5390625 0.19140625 0.09375 0.2421875
6 0.39453125 0.578125 0.140625 0.25390625
6 0.515625 0.87890625 0.078125 0.2421875
7 0.64453125 0.1328125 0.09375 0.24609375
7 0.51953125 0.46484375 0.09765625 0.203125
7 0.62109375 0.828125 0.08984375 0.22265625
8 0.74609375 0.1875 0.08984375 0.234375
8 0.5859375 0.56640625 0.09765625 0.21875
8 0.71484375 0.875 0.0859375 0.21875
9 0.84765625 0.1328125 0.08984375 0.234375
9 0.68359375 0.4609375 0.08984375 0.203125
9 0.8125 0.828125 0.0859375 0.22265625
10 0.953125 0.1875 0.08984375 0.25
10 0.75 0.578125 0.11328125 0.24609375
10 0.9140625 0.87890625 0.08984375 0.2265625