8 0.62109375 0.68359375 0.04296875 0.07421875
8 0.35546875 0.64453125 0.03125 0.05859375
5 0.5703125 0.66796875 0.03515625 0.0625
1 0.65625 0.69140625 0.03125 0.08203125
1 0.44140625 0.27734375 0.0234375 0.0546875
3 0.4609375 0.2890625 0.0234375 0.04296875
9 0.40234375 0.2734375 0.0234375 0.05078125
4 0.39453125 0.6484375 0.01953125 0.0546875
4 0.4140625 0.65234375 0.01953125 0.0546875
10 0.61328125 0.234375 0.02734375 0.0625
7 0.63671875 0.23046875 0.0234375 0.0625
0 0.6953125 0.2265625 0.02734375 0.05859375