8 0.60546875 0.73828125 0.02734375 0.0546875
8 0.30078125 0.76953125 0.03515625 0.05078125
5 0.5546875 0.75 0.03515625 0.05078125
1 0.34765625 0.41796875 0.01953125 0.05078125
1 0.6328125 0.75390625 0.0234375 0.0546875
3 0.375 0.421875 0.0234375 0.05078125
9 0.29296875 0.41015625 0.0234375 0.05078125
4 0.3515625 0.7734375 0.0234375 0.05078125
4 0.37890625 0.7734375 0.01953125 0.05078125
10 0.54296875 0.3984375 0.0234375 0.0546875
7 0.5703125 0.3984375 0.0234375 0.05078125
0 0.62109375 0.40234375 0.01953125 0.04296875