10 0.03125 0.1484375 0.015625 0.015625
4 0.0546875 0.1484375 0.01171875 0.015625
8 0.06640625 0.1484375 0.01171875 0.015625
7 0.2109375 0.1484375 0.015625 0.015625
3 0.23828125 0.1484375 0.01171875 0.015625
3 0.26953125 0.1484375 0.015625 0.015625
3 0.671875 0.33203125 0.01171875 0.015625
3 0.703125 0.33203125 0.01171875 0.015625
3 0.671875 0.62109375 0.01171875 0.015625
3 0.703125 0.625 0.01171875 0.015625
3 0.73828125 0.68359375 0.01171875 0.015625
3 0.76953125 0.68359375 0.01171875 0.015625
3 0.671875 0.84765625 0.015625 0.015625
3 0.703125 0.84765625 0.01171875 0.015625
3 0.73828125 0.90625 0.015625 0.015625
3 0.765625 0.90625 0.01171875 0.015625
0 0.25390625 0.1484375 0.015625 0.015625
0 0.28515625 0.1484375 0.015625 0.015625
0 0.6875 0.33203125 0.015625 0.015625
0 0.71875 0.33203125 0.015625 0.015625
0 0.6875 0.62109375 0.01171875 0.015625
0 0.71875 0.62109375 0.01171875 0.015625
0 0.75390625 0.68359375 0.01171875 0.015625
0 0.78125 0.68359375 0.015625 0.015625
0 0.6875 0.84765625 0.015625 0.015625
0 0.71875 0.84765625 0.015625 0.015625
0 0.75 0.90625 0.015625 0.015625
0 0.78125 0.90625 0.015625 0.015625
1 0.03515625 0.21484375 0.0078125 0.015625
1 0.2421875 0.21484375 0.01171875 0.015625
7 0.64453125 0.33203125 0.01171875 0.015625
1 0.1796875 0.5703125 0.0078125 0.01171875
1 0.63671875 0.5703125 0.0078125 0.01171875
1 0.63671875 0.79296875 0.0078125 0.01171875
1 0.1796875 0.79296875 0.0078125 0.01171875
7 0.640625 0.62109375 0.01171875 0.015625
7 0.70703125 0.68359375 0.015625 0.015625
7 0.640625 0.84765625 0.01171875 0.015625
7 0.70703125 0.90625 0.015625 0.015625