1 0.05078125 0.30078125 0.0078125 0.01171875
3 0.07421875 0.30078125 0.015625 0.01171875
9 0.08984375 0.30078125 0.01171875 0.01171875
1 0.21484375 0.30078125 0.0078125 0.0078125
6 0.23046875 0.30078125 0.015625 0.01171875
3 0.2578125 0.30078125 0.01171875 0.0078125
3 0.2890625 0.30078125 0.01171875 0.0078125
0 0.2734375 0.30078125 0.015625 0.0078125
1 0.30078125 0.30078125 0.0078125 0.0078125
3 0.0625 0.34375 0.015625 0.01171875
1 0.21875 0.34375 0.01171875 0.01171875
1 0.41796875 0.34375 0.01171875 0.0078125
5 0.43359375 0.34375 0.015625 0.01171875
1 0.37890625 0.421875 0.0078125 0.01171875
6 0.390625 0.421875 0.015625 0.01171875
1 0.1953125 0.546875 0.0078125 0.0078125
3 0.6328125 0.546875 0.01171875 0.0078125
1 0.1484375 0.6015625 0.0078125 0.0078125
1 0.37890625 0.58203125 0.0078125 0.0078125
6 0.390625 0.58203125 0.015625 0.01171875
1 0.1953125 0.66015625 0.0078125 0.0078125
3 0.6328125 0.65625 0.01171875 0.0078125
1 0.37890625 0.69140625 0.0078125 0.0078125
6 0.390625 0.69140625 0.015625 0.01171875
3 0.1484375 0.7109375 0.015625 0.01171875
1 0.19921875 0.7109375 0.0078125 0.0078125
1 0.21875 0.7109375 0.0078125 0.0078125
1 0.1953125 0.78515625 0.0078125 0.0078125
4 0.6328125 0.78515625 0.01171875 0.0078125
1 0.37890625 0.8203125 0.0078125 0.0078125
6 0.390625 0.8203125 0.01171875 0.0078125
4 0.1484375 0.83984375 0.01171875 0.0078125
1 0.1953125 0.87890625 0.0078125 0.0078125
3 0.6328125 0.87890625 0.01171875 0.0078125
1 0.37890625 0.9140625 0.0078125 0.0078125
6 0.390625 0.9140625 0.015625 0.01171875
5 0.15234375 0.93359375 0.015625 0.0078125
1 0.1953125 0.9765625 0.0078125 0.0078125
3 0.6328125 0.9765625 0.01171875 0.0078125