8 0.69921875 0.64453125 0.03515625 0.0703125
8 0.34765625 0.73828125 0.03515625 0.0703125
5 0.64453125 0.66796875 0.04296875 0.05859375
1 0.73046875 0.65234375 0.03515625 0.05859375
1 0.3671875 0.33984375 0.03125 0.0546875
3 0.3984375 0.33203125 0.03515625 0.05859375
9 0.30078125 0.33984375 0.03125 0.0546875
4 0.41796875 0.73828125 0.02734375 0.0546875
4 0.4453125 0.73046875 0.0234375 0.0625
10 0.5859375 0.26953125 0.03125 0.0625
7 0.61328125 0.26171875 0.0234375 0.0546875
0 0.671875 0.2578125 0.02734375 0.0546875