0 0.89453125 0.31640625 0.0625 0.10546875
0 0.90625 0.6875 0.06640625 0.1015625
1 0.125 0.12890625 0.0546875 0.1015625
3 0.31640625 0.125 0.0703125 0.10546875
4 0.50390625 0.12890625 0.07421875 0.09765625
5 0.6875 0.125 0.06640625 0.09375
6 0.87109375 0.12890625 0.0703125 0.09375
7 0.125 0.3125 0.06640625 0.109375
8 0.3125 0.31640625 0.0546875 0.10546875
9 0.5 0.3125 0.06640625 0.10546875
10 0.68359375 0.31640625 0.0625 0.109375
1 0.84765625 0.3125 0.046875 0.140625
1 0.1015625 0.5078125 0.0390625 0.109375
1 0.15234375 0.51171875 0.046875 0.125
1 0.28125 0.5078125 0.0390625 0.109375
1 0.09375 0.6875 0.046875 0.12109375
1 0.28125 0.69140625 0.05078125 0.109375
1 0.46484375 0.5 0.04296875 0.12890625
1 0.65625 0.50390625 0.0390625 0.10546875
1 0.84375 0.5 0.04296875 0.09765625
1 0.46484375 0.68359375 0.05078125 0.10546875
1 0.65625 0.69140625 0.046875 0.11328125
3 0.3359375 0.49609375 0.0625 0.10546875
4 0.52734375 0.50390625 0.0625 0.109375
5 0.7109375 0.50390625 0.0625 0.1015625
6 0.8984375 0.49609375 0.0703125 0.1015625
7 0.14453125 0.6875 0.0625 0.08984375
8 0.3359375 0.6875 0.0546875 0.09375
9 0.52734375 0.6796875 0.05859375 0.12109375
10 0.7109375 0.69140625 0.0703125 0.10546875
3 0.84765625 0.68359375 0.0703125 0.1015625
3 0.10546875 0.875 0.06640625 0.09375
1 0.16015625 0.875 0.0390625 0.09765625
3 0.27734375 0.87109375 0.05859375 0.1015625
3 0.34375 0.875 0.06640625 0.1015625
3 0.46484375 0.875 0.05859375 0.09765625
3 0.65234375 0.87109375 0.0625 0.09765625
3 0.83984375 0.875 0.0625 0.1015625
5 0.71875 0.875 0.0546875 0.1015625
6 0.90625 0.875 0.05859375 0.109375
4 0.53125 0.87109375 0.06640625 0.1015625