0 0.91015625 0.37109375 0.08203125 0.171875
0 0.91015625 0.90234375 0.078125 0.1640625
1 0.078125 0.10546875 0.05859375 0.16796875
3 0.2734375 0.10546875 0.0859375 0.16796875
4 0.48046875 0.10546875 0.08203125 0.1796875
5 0.69921875 0.10546875 0.09375 0.171875
6 0.9140625 0.10546875 0.078125 0.171875
7 0.09375 0.37109375 0.07421875 0.171875
8 0.27734375 0.37109375 0.0703125 0.16796875
9 0.46875 0.37109375 0.08203125 0.1640625
10 0.66015625 0.37109375 0.07421875 0.16796875
1 0.8359375 0.37109375 0.0546875 0.17578125
1 0.07421875 0.6328125 0.0546875 0.1640625
1 0.12890625 0.63671875 0.046875 0.171875
1 0.23828125 0.63671875 0.05078125 0.1640625
1 0.07421875 0.90234375 0.05078125 0.1640625
1 0.2578125 0.90234375 0.05078125 0.16796875
1 0.4375 0.63671875 0.046875 0.171875
1 0.62890625 0.63671875 0.0546875 0.16796875
1 0.8359375 0.640625 0.046875 0.16796875
1 0.43359375 0.90234375 0.05078125 0.171875
1 0.625 0.90234375 0.046875 0.16796875
3 0.31640625 0.63671875 0.078125 0.16015625
4 0.5078125 0.63671875 0.06640625 0.16015625
5 0.7109375 0.63671875 0.08203125 0.16796875
6 0.91015625 0.63671875 0.0703125 0.171875
7 0.1484375 0.90234375 0.0703125 0.171875
8 0.328125 0.90234375 0.07421875 0.171875
9 0.51171875 0.8984375 0.08203125 0.16796875
10 0.6953125 0.90234375 0.078125 0.16796875
3 0.82421875 0.90234375 0.0859375 0.171875