1 0.1328125 0.859375 0.05859375 0.10546875
3 0.48828125 0.6796875 0.0859375 0.109375
4 0.80859375 0.328125 0.078125 0.109375
6 0.484375 0.328125 0.0859375 0.109375
7 0.80859375 0.6796875 0.0859375 0.109375
9 0.8125 0.5078125 0.09375 0.1171875
6 0.48828125 0.85546875 0.1015625 0.109375
6 0.15234375 0.6796875 0.08984375 0.10546875
6 0.1484375 0.50390625 0.08984375 0.10546875
9 0.8125 0.859375 0.09765625 0.10546875
9 0.1484375 0.328125 0.1015625 0.109375
10 0.48046875 0.5078125 0.10546875 0.11328125