8 0.30078125 0.83203125 0.046875 0.08203125
8 0.78125 0.7734375 0.0390625 0.0859375
5 0.69921875 0.78125 0.0546875 0.08984375
1 0.37109375 0.28515625 0.03125 0.0625
1 0.828125 0.77734375 0.04296875 0.08984375
3 0.4140625 0.29296875 0.0390625 0.05859375
9 0.28515625 0.26953125 0.03515625 0.06640625
4 0.38671875 0.828125 0.03125 0.078125
4 0.42578125 0.8203125 0.03515625 0.08203125
10 0.66796875 0.23046875 0.03515625 0.07421875
7 0.70703125 0.23046875 0.03515625 0.07421875
0 0.7890625 0.23046875 0.03515625 0.0703125