8 0.1875 0.83203125 0.02734375 0.0546875
8 0.57421875 0.84375 0.03515625 0.0625
5 0.5078125 0.83984375 0.04296875 0.0625
1 0.61328125 0.84765625 0.0390625 0.07421875
1 0.234375 0.43359375 0.02734375 0.0703125
3 0.26953125 0.44140625 0.04296875 0.0703125
9 0.15234375 0.41796875 0.03125 0.07421875
4 0.25390625 0.8515625 0.02734375 0.06640625
4 0.28515625 0.8515625 0.02734375 0.0703125
10 0.51953125 0.41796875 0.0390625 0.0859375
7 0.5546875 0.421875 0.03515625 0.0703125
0 0.6328125 0.43359375 0.02734375 0.06640625