8 0.703125 0.73828125 0.03515625 0.0859375
8 0.2421875 0.7265625 0.0390625 0.07421875
5 0.625 0.71875 0.0546875 0.0859375
1 0.34765625 0.21875 0.02734375 0.0625
1 0.74609375 0.73828125 0.03515625 0.07421875
3 0.38671875 0.234375 0.04296875 0.0625
9 0.26953125 0.20703125 0.03515625 0.0625
4 0.32421875 0.734375 0.02734375 0.08203125
4 0.359375 0.73828125 0.03125 0.07421875
10 0.6328125 0.2109375 0.03515625 0.07421875
7 0.66796875 0.21484375 0.03515625 0.0625
0 0.74609375 0.22265625 0.03125 0.06640625