8 0.3828125 0.6484375 0.02734375 0.04296875
8 0.64453125 0.59765625 0.0234375 0.04296875
5 0.6015625 0.59765625 0.02734375 0.04296875
1 0.66796875 0.59765625 0.0234375 0.0546875
1 0.41015625 0.34375 0.0234375 0.046875
3 0.4296875 0.33984375 0.0234375 0.04296875
9 0.359375 0.33984375 0.0234375 0.046875
4 0.4296875 0.64453125 0.0234375 0.046875
4 0.453125 0.63671875 0.0234375 0.05078125
10 0.57421875 0.30078125 0.02734375 0.05078125
7 0.59765625 0.30078125 0.0234375 0.046875
0 0.64453125 0.29296875 0.01953125 0.04296875