8 0.7265625 0.875 0.0390625 0.078125
8 0.32421875 0.765625 0.03515625 0.0703125
5 0.6484375 0.8515625 0.04296875 0.0703125
1 0.76171875 0.890625 0.03515625 0.08203125
1 0.41015625 0.359375 0.03515625 0.078125
3 0.44921875 0.375 0.0390625 0.0703125
9 0.3359375 0.33203125 0.03515625 0.08203125
4 0.390625 0.796875 0.03515625 0.0703125
4 0.421875 0.8046875 0.02734375 0.0703125
10 0.7109375 0.39453125 0.0390625 0.09375
7 0.75390625 0.40234375 0.03515625 0.0859375
0 0.83984375 0.42578125 0.0390625 0.07421875