8 0.06640625 0.29296875 0.0625 0.1328125
9 0.31640625 0.31640625 0.07421875 0.14453125
1 0.57421875 0.31640625 0.05078125 0.1328125
6 0.81640625 0.3203125 0.05859375 0.140625
0 0.171875 0.484375 0.078125 0.1328125
10 0.4609375 0.5 0.07421875 0.15234375
4 0.9375 0.5078125 0.06640625 0.15625
5 0.69921875 0.51171875 0.08984375 0.140625
3 0.3046875 0.67578125 0.06640625 0.1484375
1 0.05859375 0.6796875 0.06640625 0.14453125
7 0.578125 0.69140625 0.06640625 0.14453125
8 0.8203125 0.71484375 0.0703125 0.13671875
3 0.69921875 0.08984375 0.0625 0.140625
9 0.9453125 0.08984375 0.06640625 0.15625
10 0.9296875 0.890625 0.0625 0.13671875
8 0.4609375 0.89453125 0.07421875 0.125
0 0.703125 0.90234375 0.0703125 0.12890625
4 0.17578125 0.90625 0.07421875 0.15625
7 0.171875 0.09765625 0.07421875 0.13671875
4 0.4375 0.09765625 0.0703125 0.15234375