1 0.1171875 0.86328125 0.03125 0.12890625
3 0.1796875 0.86328125 0.078125 0.12890625
4 0.26171875 0.86328125 0.078125 0.12890625
5 0.3515625 0.86328125 0.0859375 0.12890625
6 0.44140625 0.86328125 0.07421875 0.125
7 0.5234375 0.86328125 0.078125 0.12109375
8 0.6171875 0.86328125 0.078125 0.12109375
9 0.703125 0.8671875 0.07421875 0.14453125
10 0.7890625 0.8671875 0.07421875 0.13671875
0 0.875 0.859375 0.0703125 0.125
9 0.171875 0.23046875 0.14453125 0.2265625
9 0.359375 0.23046875 0.1171875 0.234375
9 0.63671875 0.23046875 0.13671875 0.24609375
9 0.8203125 0.23046875 0.1328125 0.23046875
9 0.8828125 0.58203125 0.0859375 0.16796875
9 0.75390625 0.578125 0.09765625 0.1875
9 0.57421875 0.578125 0.1015625 0.1640625
9 0.4453125 0.58203125 0.1015625 0.16796875
9 0.25390625 0.57421875 0.09375 0.171875
9 0.125 0.578125 0.09375 0.1640625