6 0.45703125 0.62109375 0.06640625 0.17578125
4 0.53125 0.62109375 0.078125 0.1640625
6 0.05859375 0.62109375 0.0703125 0.1640625
1 0.1328125 0.625 0.06640625 0.16015625
6 0.65625 0.62890625 0.06640625 0.18359375
6 0.86328125 0.62890625 0.0625 0.17578125
6 0.93359375 0.62890625 0.06640625 0.18359375
5 0.73046875 0.62890625 0.06640625 0.16015625
6 0.25390625 0.62890625 0.06640625 0.16015625
3 0.328125 0.62890625 0.078125 0.1796875
6 0.0546875 0.87109375 0.078125 0.16796875
7 0.13671875 0.87109375 0.06640625 0.16015625
8 0.328125 0.87109375 0.08203125 0.16796875
6 0.453125 0.875 0.0703125 0.17578125
6 0.65234375 0.875 0.078125 0.15234375
10 0.73046875 0.875 0.07421875 0.17578125
7 0.86328125 0.875 0.0703125 0.15234375
0 0.93359375 0.875 0.078125 0.1640625
6 0.25390625 0.875 0.078125 0.15234375
9 0.52734375 0.87890625 0.07421875 0.16015625
4 0.52734375 0.125 0.078125 0.1640625
5 0.0546875 0.12890625 0.08984375 0.1796875
6 0.9375 0.12890625 0.06640625 0.16015625
5 0.65625 0.12890625 0.08203125 0.1640625
5 0.86328125 0.12890625 0.07421875 0.1640625
5 0.73046875 0.1328125 0.078125 0.16015625
3 0.33203125 0.1328125 0.078125 0.1484375
5 0.25 0.1328125 0.08984375 0.1640625
5 0.45703125 0.13671875 0.08203125 0.17578125
1 0.1328125 0.13671875 0.078125 0.17578125
7 0.1328125 0.37109375 0.07421875 0.1796875
8 0.33203125 0.37109375 0.078125 0.16796875
10 0.7265625 0.37109375 0.078125 0.1640625
5 0.45703125 0.375 0.07421875 0.16015625
9 0.53125 0.375 0.08203125 0.16015625
5 0.0546875 0.37890625 0.078125 0.17578125
0 0.9375 0.37890625 0.07421875 0.1640625
5 0.25390625 0.37890625 0.08203125 0.1640625
6 0.859375 0.3828125 0.078125 0.1640625
5 0.65625 0.38671875 0.07421875 0.1796875