4 0.87109375 0.58984375 0.046875 0.10546875
0 0.7421875 0.59375 0.05078125 0.1015625
1 0.78515625 0.59375 0.046875 0.11328125
3 0.83203125 0.59375 0.046875 0.1015625
5 0.91796875 0.59375 0.046875 0.11328125
3 0.18359375 0.59765625 0.0546875 0.12890625
5 0.2890625 0.59765625 0.05859375 0.1171875
1 0.13671875 0.59765625 0.04296875 0.1171875
1 0.4609375 0.59765625 0.046875 0.12109375
3 0.51953125 0.59765625 0.046875 0.11328125
4 0.57421875 0.59765625 0.05859375 0.1328125
5 0.625 0.59765625 0.0546875 0.12109375
0 0.08203125 0.59765625 0.0625 0.11328125
4 0.234375 0.59765625 0.05078125 0.12109375
0 0.41015625 0.6015625 0.05859375 0.1171875
6 0.7421875 0.73828125 0.05078125 0.10546875
8 0.83203125 0.7421875 0.046875 0.10546875
9 0.87109375 0.7421875 0.046875 0.11328125
10 0.91796875 0.7421875 0.05078125 0.11328125
7 0.7890625 0.7421875 0.046875 0.11328125
7 0.13671875 0.74609375 0.05078125 0.1171875
6 0.41015625 0.74609375 0.05859375 0.11328125
7 0.46484375 0.74609375 0.05078125 0.11328125
8 0.51953125 0.74609375 0.0546875 0.11328125
6 0.08203125 0.74609375 0.046875 0.11328125
8 0.18359375 0.74609375 0.05078125 0.11328125
9 0.23828125 0.74609375 0.0546875 0.12109375
10 0.2890625 0.74609375 0.05078125 0.11328125
9 0.5703125 0.75 0.0546875 0.1171875
10 0.625 0.75390625 0.0546875 0.11328125
3 0.5078125 0.12109375 0.0546875 0.10546875
0 0.7421875 0.12109375 0.05859375 0.1171875
1 0.7890625 0.12109375 0.04296875 0.1171875
4 0.875 0.12109375 0.046875 0.1171875
3 0.171875 0.12109375 0.05078125 0.1171875
4 0.22265625 0.12109375 0.0546875 0.1171875
5 0.2734375 0.12109375 0.046875 0.10546875
5 0.91796875 0.125 0.046875 0.1015625
0 0.41015625 0.125 0.0546875 0.1015625
0 0.078125 0.125 0.0546875 0.1015625
3 0.828125 0.125 0.046875 0.12109375
1 0.4609375 0.12890625 0.046875 0.10546875
4 0.55859375 0.12890625 0.046875 0.1171875
5 0.60546875 0.12890625 0.05078125 0.10546875
1 0.12890625 0.12890625 0.046875 0.1171875
6 0.078125 0.26953125 0.05078125 0.10546875
8 0.83203125 0.26953125 0.046875 0.10546875
10 0.91796875 0.26953125 0.046875 0.10546875
8 0.1796875 0.26953125 0.046875 0.1171875
9 0.2265625 0.26953125 0.046875 0.09765625
8 0.5078125 0.2734375 0.05078125 0.11328125
7 0.78515625 0.2734375 0.046875 0.10546875
9 0.875 0.2734375 0.04296875 0.10546875
10 0.2734375 0.2734375 0.05078125 0.1171875
7 0.4609375 0.2734375 0.05078125 0.11328125
7 0.12890625 0.2734375 0.046875 0.11328125
6 0.7421875 0.2734375 0.046875 0.10546875
6 0.41015625 0.27734375 0.05078125 0.10546875
9 0.55859375 0.27734375 0.046875 0.1171875
10 0.60546875 0.27734375 0.05078125 0.10546875