1 0.05078125 0.78125 0.015625 0.03515625
1 0.3046875 0.78515625 0.015625 0.0390625
1 0.390625 0.78125 0.01171875 0.0390625
0 0.07421875 0.78125 0.0234375 0.0390625
0 0.28515625 0.78125 0.0234375 0.0390625
0 0.3671875 0.78125 0.0234375 0.0390625
4 0.109375 0.78125 0.01953125 0.0390625
4 0.32421875 0.78125 0.0234375 0.0390625
4 0.0546875 0.93359375 0.0234375 0.0390625
7 0.1328125 0.78125 0.01953125 0.0390625
3 0.2578125 0.78125 0.01953125 0.0390625
3 0.4296875 0.78125 0.01953125 0.0390625
3 0.08203125 0.93359375 0.0234375 0.0390625
3 0.3046875 0.93359375 0.01953125 0.0390625
5 0.453125 0.78125 0.0234375 0.03515625
5 0.33203125 0.93359375 0.0234375 0.0390625