0 0.12109375 0.16015625 0.0390625 0.1171875
0 0.12109375 0.3046875 0.03515625 0.1171875
0 0.12109375 0.44921875 0.03515625 0.1171875
0 0.12109375 0.59375 0.0390625 0.12109375
0 0.12109375 0.7578125 0.03515625 0.125
0 0.1171875 0.90625 0.03125 0.1171875
0 0.62109375 0.14453125 0.0390625 0.12109375
0 0.62109375 0.296875 0.03515625 0.1171875
0 0.625 0.44921875 0.0390625 0.12109375
0 0.62109375 0.6015625 0.03515625 0.12109375
0 0.62109375 0.7578125 0.03125 0.1171875
0 0.62109375 0.91796875 0.03125 0.12109375
1 0.15234375 0.16015625 0.015625 0.125
1 0.15625 0.30859375 0.02734375 0.12109375
1 0.15234375 0.44921875 0.015625 0.1171875
1 0.1484375 0.59765625 0.01171875 0.1171875
1 0.15234375 0.75390625 0.02734375 0.1171875
1 0.15234375 0.90625 0.01953125 0.1171875
1 0.65234375 0.140625 0.0234375 0.12109375
1 0.64453125 0.296875 0.01171875 0.12109375
1 0.65234375 0.453125 0.015625 0.12109375
1 0.65625 0.60546875 0.0234375 0.12109375
1 0.65234375 0.76171875 0.0234375 0.12109375
1 0.6484375 0.9140625 0.015625 0.12109375
3 0.18359375 0.16015625 0.03515625 0.1171875
3 0.19140625 0.3125 0.03515625 0.1171875
3 0.1796875 0.453125 0.03515625 0.1171875
3 0.1796875 0.59765625 0.03515625 0.125
3 0.1875 0.75390625 0.03515625 0.1171875
3 0.18359375 0.91015625 0.02734375 0.12109375
3 0.68359375 0.14453125 0.03515625 0.12109375
3 0.671875 0.30078125 0.03515625 0.1171875
3 0.6796875 0.453125 0.03515625 0.12109375
3 0.69140625 0.60546875 0.03515625 0.12109375
3 0.68359375 0.7578125 0.03125 0.1171875
3 0.67578125 0.91796875 0.02734375 0.1171875
4 0.22265625 0.16015625 0.03515625 0.12109375
4 0.23046875 0.30859375 0.03515625 0.12109375
4 0.22265625 0.453125 0.03515625 0.1171875
4 0.21875 0.59765625 0.0390625 0.12109375
4 0.2265625 0.75390625 0.03515625 0.12109375
4 0.21875 0.91015625 0.03125 0.12109375
4 0.72265625 0.14453125 0.03515625 0.12109375
4 0.70703125 0.30078125 0.03515625 0.125
4 0.71484375 0.453125 0.03125 0.12109375
4 0.73046875 0.60546875 0.0390625 0.125
4 0.71484375 0.76171875 0.03125 0.12109375
4 0.7109375 0.91796875 0.03125 0.1171875
5 0.265625 0.16015625 0.0390625 0.1171875
5 0.26953125 0.30859375 0.0390625 0.125
5 0.26171875 0.453125 0.03125 0.1171875
5 0.26171875 0.59765625 0.0390625 0.125
5 0.26171875 0.75390625 0.03515625 0.1171875
5 0.25 0.91015625 0.03125 0.12109375
5 0.76171875 0.14453125 0.03515625 0.12109375
5 0.7421875 0.30078125 0.03515625 0.12109375
5 0.75390625 0.44921875 0.0390625 0.12109375
5 0.7734375 0.60546875 0.0390625 0.12109375
5 0.75 0.76171875 0.03515625 0.1171875
5 0.75 0.91796875 0.02734375 0.1171875
6 0.3046875 0.16015625 0.03515625 0.12109375
6 0.30859375 0.30859375 0.03515625 0.1171875
6 0.30078125 0.453125 0.03125 0.11328125
6 0.30078125 0.59765625 0.0390625 0.1171875
6 0.296875 0.75390625 0.03515625 0.1171875
6 0.28515625 0.90625 0.03125 0.1171875
6 0.80078125 0.140625 0.03515625 0.12109375
6 0.77734375 0.296875 0.03515625 0.1171875
6 0.796875 0.453125 0.03515625 0.12109375
6 0.8125 0.60546875 0.03515625 0.1171875
6 0.78125 0.7578125 0.02734375 0.1171875
6 0.78515625 0.91796875 0.03125 0.12109375
7 0.34375 0.16015625 0.03515625 0.1171875
7 0.34765625 0.30859375 0.0390625 0.1171875
7 0.33984375 0.453125 0.0390625 0.1171875
7 0.33984375 0.59765625 0.03515625 0.1171875
7 0.3359375 0.75390625 0.03515625 0.12109375
7 0.31640625 0.91015625 0.03125 0.12109375
7 0.83984375 0.140625 0.03515625 0.12109375
7 0.8125 0.30078125 0.03125 0.125
7 0.8359375 0.44921875 0.0390625 0.1171875
7 0.8515625 0.6015625 0.03515625 0.125
7 0.81640625 0.7578125 0.03515625 0.12109375
7 0.82421875 0.91796875 0.03125 0.1171875
8 0.3828125 0.15625 0.03515625 0.12109375
8 0.3828125 0.30859375 0.03515625 0.12109375
8 0.3828125 0.453125 0.0390625 0.11328125
8 0.37890625 0.59765625 0.03515625 0.1171875
8 0.375 0.75390625 0.03515625 0.11328125
8 0.34765625 0.90625 0.02734375 0.1171875
8 0.875 0.14453125 0.03515625 0.125
8 0.84765625 0.296875 0.03515625 0.1171875
8 0.875 0.453125 0.03515625 0.125
8 0.890625 0.6015625 0.03515625 0.125
8 0.8515625 0.7578125 0.03125 0.12109375
8 0.8515625 0.91796875 0.03125 0.1171875
9 0.42578125 0.16015625 0.03515625 0.1171875
9 0.421875 0.3046875 0.03515625 0.11328125
9 0.42578125 0.44921875 0.03515625 0.11328125
9 0.41796875 0.59375 0.0390625 0.12109375
9 0.40625 0.75390625 0.03125 0.1171875
9 0.3828125 0.90625 0.02734375 0.12109375
9 0.9140625 0.14453125 0.03515625 0.12109375
9 0.8828125 0.296875 0.03515625 0.12109375
9 0.9140625 0.44921875 0.0390625 0.12109375
9 0.93359375 0.60546875 0.03515625 0.12109375
9 0.8828125 0.7578125 0.03515625 0.1171875
9 0.890625 0.91796875 0.03125 0.12109375
10 0.46484375 0.16015625 0.03515625 0.12109375
10 0.4609375 0.30859375 0.03515625 0.12109375
10 0.47265625 0.453125 0.03515625 0.1171875
10 0.45703125 0.59375 0.0390625 0.12109375
10 0.4453125 0.75390625 0.03515625 0.12109375
10 0.4140625 0.91015625 0.02734375 0.1171875
10 0.953125 0.14453125 0.03515625 0.1171875
10 0.91796875 0.30078125 0.03515625 0.11328125
10 0.95703125 0.453125 0.0390625 0.12109375
10 0.97265625 0.6015625 0.03515625 0.12109375
10 0.921875 0.76171875 0.03125 0.1171875
10 0.92578125 0.91796875 0.03125 0.12890625