0 0.2890625 0.1484375 0.0546875 0.0859375
1 0.4296875 0.15234375 0.05078125 0.0859375
3 0.56640625 0.15234375 0.05859375 0.0859375
4 0.70703125 0.15234375 0.05078125 0.08203125
5 0.29296875 0.29296875 0.05859375 0.0859375
6 0.4296875 0.2890625 0.0625 0.0859375
7 0.56640625 0.2890625 0.0546875 0.08203125
8 0.703125 0.28515625 0.05859375 0.0859375
9 0.2890625 0.4296875 0.0625 0.08203125
10 0.4296875 0.4296875 0.05859375 0.0859375
1 0.5390625 0.4296875 0.04296875 0.08203125
0 0.59375 0.4296875 0.0546875 0.0859375
0 0.70703125 0.42578125 0.05859375 0.0859375
1 0.29296875 0.5703125 0.0625 0.07421875
3 0.43359375 0.5703125 0.0703125 0.07421875
4 0.5703125 0.5703125 0.05078125 0.078125
5 0.7109375 0.56640625 0.0703125 0.0859375
6 0.29296875 0.703125 0.0625 0.0859375
7 0.4296875 0.70703125 0.0625 0.078125
8 0.56640625 0.70703125 0.0703125 0.078125
9 0.70703125 0.70703125 0.0625 0.08203125
10 0.2890625 0.84765625 0.0625 0.0859375
1 0.3984375 0.83984375 0.04296875 0.0859375
0 0.45703125 0.84375 0.06640625 0.078125