0 0.22265625 0.75390625 0.0234375 0.03125
0 0.4375 0.74609375 0.015625 0.01953125
0 0.61328125 0.7578125 0.015625 0.01953125
0 0.84375 0.765625 0.015625 0.01953125
1 0.03515625 0.75 0.01953125 0.03125
1 0.28515625 0.7421875 0.01171875 0.01953125
1 0.4609375 0.7578125 0.01171875 0.01953125
1 0.6875 0.765625 0.01171875 0.015625
3 0.0546875 0.75 0.01953125 0.02734375
3 0.30078125 0.74609375 0.01171875 0.01953125
3 0.4765625 0.7578125 0.01171875 0.01953125
3 0.70703125 0.765625 0.01171875 0.015625
4 0.07421875 0.75 0.0234375 0.03125
4 0.3203125 0.74609375 0.01171875 0.01953125
4 0.49609375 0.7578125 0.01171875 0.01953125
4 0.7265625 0.765625 0.015625 0.01953125
5 0.09765625 0.75390625 0.01953125 0.03125
5 0.3359375 0.74609375 0.015625 0.01953125
5 0.51171875 0.7578125 0.01171875 0.01953125
5 0.7421875 0.765625 0.015625 0.01953125
6 0.1171875 0.75 0.01953125 0.03125
6 0.35546875 0.74609375 0.01171875 0.01953125
6 0.53125 0.7578125 0.01171875 0.01953125
6 0.76171875 0.765625 0.01171875 0.015625
7 0.13671875 0.75 0.01953125 0.02734375
7 0.37109375 0.74609375 0.015625 0.01953125
7 0.546875 0.7578125 0.015625 0.01953125
7 0.77734375 0.765625 0.015625 0.01953125
8 0.16015625 0.75 0.01953125 0.03125
8 0.38671875 0.7421875 0.01171875 0.01953125
8 0.5625 0.7578125 0.01171875 0.01953125
8 0.79296875 0.765625 0.015625 0.01953125
9 0.1796875 0.75 0.01953125 0.03125
9 0.40234375 0.74609375 0.015625 0.01953125
9 0.578125 0.7578125 0.01171875 0.01953125
9 0.80859375 0.765625 0.01171875 0.01953125
10 0.19921875 0.75 0.01953125 0.03125
10 0.421875 0.7421875 0.015625 0.01953125
10 0.59375 0.7578125 0.01171875 0.01953125
10 0.828125 0.765625 0.01171875 0.01953125