1 0.03125 0.76953125 0.0234375 0.02734375
3 0.05859375 0.76953125 0.0234375 0.02734375
4 0.0859375 0.76953125 0.0234375 0.02734375
5 0.1171875 0.76953125 0.0234375 0.02734375
6 0.14453125 0.76953125 0.02734375 0.02734375
7 0.171875 0.76953125 0.0234375 0.02734375
8 0.19921875 0.76953125 0.02734375 0.02734375
9 0.2265625 0.76953125 0.0234375 0.02734375
10 0.2578125 0.76953125 0.0234375 0.02734375
0 0.28515625 0.76953125 0.0234375 0.02734375
1 0.33203125 0.76171875 0.015625 0.015625
3 0.3515625 0.76171875 0.015625 0.015625
4 0.37109375 0.76171875 0.015625 0.015625
5 0.390625 0.76171875 0.015625 0.015625
6 0.4140625 0.76171875 0.01953125 0.015625
7 0.43359375 0.76171875 0.015625 0.015625
8 0.453125 0.76171875 0.01953125 0.015625
9 0.4765625 0.76171875 0.015625 0.015625
10 0.5 0.76171875 0.015625 0.015625
0 0.51953125 0.76171875 0.01953125 0.015625
0 0.7421875 0.7734375 0.01953125 0.015625
0 0.98046875 0.78125 0.015625 0.015625
1 0.5546875 0.7734375 0.015625 0.015625
1 0.7890625 0.78125 0.015625 0.015625
3 0.57421875 0.7734375 0.015625 0.015625
3 0.80859375 0.78125 0.015625 0.01953125
4 0.59375 0.7734375 0.015625 0.015625
4 0.83203125 0.78125 0.01953125 0.015625
5 0.61328125 0.7734375 0.01953125 0.015625
5 0.8515625 0.78125 0.01953125 0.015625
6 0.63671875 0.7734375 0.015625 0.015625
6 0.875 0.78125 0.01953125 0.015625
7 0.65625 0.7734375 0.015625 0.015625
7 0.89453125 0.78125 0.015625 0.015625
8 0.6796875 0.7734375 0.01953125 0.01953125
8 0.9140625 0.78125 0.01953125 0.015625
9 0.69921875 0.7734375 0.015625 0.01953125
9 0.9375 0.78125 0.015625 0.015625
10 0.71875 0.7734375 0.015625 0.015625
10 0.95703125 0.78125 0.01953125 0.015625