4 0.078125 0.60546875 0.01171875 0.03125
1 0.08984375 0.609375 0.01171875 0.03125
6 0.171875 0.60546875 0.01171875 0.03125
1 0.25 0.60546875 0.01171875 0.03125
9 0.05859375 0.60546875 0.01171875 0.03125
3 0.22265625 0.60546875 0.015625 0.02734375
0 0.234375 0.60546875 0.015625 0.02734375
3 0.16015625 0.60546875 0.015625 0.03125
8 0.26171875 0.60546875 0.015625 0.02734375
1 0.265625 0.74609375 0.015625 0.0390625
6 0.296875 0.74609375 0.015625 0.0390625
6 0.078125 0.74609375 0.015625 0.03515625
9 0.28125 0.74609375 0.015625 0.03515625
1 0.09375 0.74609375 0.015625 0.0390625
9 0.125 0.8984375 0.015625 0.03125
1 0.30078125 0.8984375 0.01171875 0.03125
1 0.453125 0.8984375 0.01171875 0.03125
6 0.2890625 0.8984375 0.01171875 0.03125
9 0.46484375 0.8984375 0.015625 0.03125
6 0.48046875 0.8984375 0.01171875 0.03125