6 0.328125 0.28515625 0.015625 0.03515625
0 0.34765625 0.28515625 0.01953125 0.03515625
6 0.0625 0.70703125 0.01171875 0.0234375
4 0.08203125 0.70703125 0.01171875 0.0234375
4 0.3125 0.9296875 0.0078125 0.0234375
3 0.09375 0.70703125 0.01171875 0.0234375
3 0.21875 0.70703125 0.01171875 0.0234375
3 0.0859375 0.8046875 0.015625 0.03125
3 0.26953125 0.8046875 0.015625 0.03125
3 0.28515625 0.8046875 0.015625 0.03125
3 0.47265625 0.9296875 0.01171875 0.0234375
10 0.16015625 0.70703125 0.015625 0.0234375
0 0.234375 0.70703125 0.01171875 0.0234375
1 0.24609375 0.70703125 0.01171875 0.0234375
1 0.0625 0.8046875 0.015625 0.03125
1 0.29296875 0.9296875 0.01171875 0.02734375
10 0.1015625 0.8046875 0.015625 0.03125
10 0.24609375 0.8046875 0.015625 0.03125
0 0.1171875 0.8046875 0.015625 0.03125
9 0.3046875 0.8046875 0.015625 0.03125
10 0.12890625 0.9296875 0.015625 0.0234375
1 0.140625 0.9296875 0.01171875 0.0234375
10 0.453125 0.9296875 0.01171875 0.0234375
9 0.2578125 0.70703125 0.01171875 0.0234375