9 0.37109375 0.46484375 0.015625 0.04296875
6 0.0546875 0.60546875 0.01171875 0.03125
1 0.0703125 0.60546875 0.01171875 0.02734375
8 0.0859375 0.60546875 0.01171875 0.02734375
3 0.15625 0.60546875 0.01171875 0.02734375
6 0.16796875 0.60546875 0.01171875 0.02734375
3 0.23046875 0.60546875 0.01171875 0.02734375
0 0.2421875 0.60546875 0.01171875 0.02734375
0 0.08984375 0.74609375 0.015625 0.03515625
0 0.30078125 0.8984375 0.01171875 0.03125
1 0.2578125 0.60546875 0.0078125 0.02734375
8 0.26953125 0.60546875 0.01171875 0.03125
8 0.27734375 0.74609375 0.015625 0.03515625
8 0.453125 0.8984375 0.01171875 0.03125
4 0.07421875 0.74609375 0.015625 0.03515625
4 0.28515625 0.8984375 0.01171875 0.03125
9 0.29296875 0.74609375 0.015625 0.03515625
5 0.12109375 0.8984375 0.01171875 0.03125
9 0.46484375 0.8984375 0.01171875 0.02734375