1 0.0546875 0.21484375 0.015625 0.03125
7 0.0859375 0.21484375 0.02734375 0.03125
1 0.82421875 0.37890625 0.0078125 0.0234375
1 0.859375 0.375 0.01171875 0.0234375
1 0.0859375 0.421875 0.0078125 0.0234375
7 0.10546875 0.421875 0.0234375 0.0234375
5 0.05859375 0.8984375 0.015625 0.0234375
5 0.375 0.9765625 0.0234375 0.0234375
5 0.65234375 0.9765625 0.0234375 0.0234375
4 0.09375 0.8984375 0.01953125 0.0234375
4 0.67578125 0.9765625 0.0234375 0.0234375
0 0.1171875 0.8984375 0.0234375 0.0234375
0 0.25 0.8984375 0.0234375 0.0234375
0 0.33203125 0.8984375 0.0234375 0.0234375
0 0.390625 0.8984375 0.0234375 0.0234375
3 0.23046875 0.8984375 0.01953125 0.0234375
3 0.2734375 0.8984375 0.01953125 0.0234375
3 0.29296875 0.8984375 0.01953125 0.0234375
6 0.3515625 0.8984375 0.0234375 0.0234375
1 0.40625 0.8984375 0.01171875 0.0234375
6 0.05859375 0.9765625 0.0234375 0.0234375
1 0.0859375 0.9765625 0.01171875 0.0234375
7 0.109375 0.9765625 0.0234375 0.0234375
10 0.12890625 0.9765625 0.0234375 0.0234375
3 0.33203125 0.9765625 0.0234375 0.0234375
10 0.35546875 0.9765625 0.0234375 0.0234375