3 0.1796875 0.078125 0.015625 0.01953125
1 0.19140625 0.078125 0.0078125 0.015625
10 0.23828125 0.078125 0.015625 0.01953125
4 0.2578125 0.078125 0.0078125 0.015625
4 0.26953125 0.078125 0.015625 0.01953125
3 0.34765625 0.22265625 0.015625 0.0234375
3 0.43359375 0.22265625 0.015625 0.0234375
5 0.0234375 0.82421875 0.015625 0.01953125
10 0.0390625 0.82421875 0.01171875 0.01953125
10 0.1484375 0.953125 0.01171875 0.01953125
4 0.05078125 0.82421875 0.01171875 0.01953125
3 0.12890625 0.953125 0.015625 0.01953125