10 0.171875 0.07421875 0.01171875 0.015625
1 0.21875 0.07421875 0.0078125 0.015625
1 0.234375 0.07421875 0.0078125 0.015625
6 0.25390625 0.07421875 0.01171875 0.015625
7 0.265625 0.07421875 0.01171875 0.015625
3 0.78515625 0.6640625 0.01953125 0.01953125
0 0.8046875 0.6640625 0.01953125 0.01953125
1 0.82421875 0.6640625 0.01171875 0.0234375
8 0.84375 0.66796875 0.01953125 0.0234375
5 0.12890625 0.90625 0.015625 0.015625
4 0.0234375 0.96875 0.01171875 0.015625
8 0.0390625 0.96875 0.01171875 0.015625
10 0.05078125 0.96875 0.015625 0.015625