1 0.33984375 0.0390625 0.0625 0.05859375
3 0.4453125 0.03515625 0.1015625 0.04296875
4 0.58203125 0.0390625 0.08984375 0.046875
5 0.78125 0.04296875 0.08984375 0.078125
6 0.95703125 0.03515625 0.08203125 0.0625
0 0.28515625 0.109375 0.05859375 0.0625
7 0.40625 0.1015625 0.0859375 0.07421875
8 0.52734375 0.109375 0.09765625 0.0703125
9 0.67578125 0.11328125 0.08984375 0.07421875
10 0.8671875 0.109375 0.1015625 0.0703125
1 0.26953125 0.38671875 0.06640625 0.0703125
3 0.38671875 0.3984375 0.07421875 0.06640625
4 0.546875 0.3984375 0.078125 0.05859375
5 0.72265625 0.40625 0.1171875 0.08203125
6 0.8984375 0.40625 0.078125 0.0859375
0 0.19921875 0.4609375 0.06640625 0.0546875
7 0.328125 0.47265625 0.0625 0.0625
8 0.453125 0.46484375 0.0859375 0.06640625
9 0.578125 0.4765625 0.078125 0.05859375
10 0.65234375 0.47265625 0.0625 0.0703125