1 0.23046875 0.3828125 0.0546875 0.078125
3 0.38671875 0.40625 0.11328125 0.078125
4 0.609375 0.4140625 0.09765625 0.08203125
5 0.83203125 0.4296875 0.109375 0.10546875
0 0.15625 0.49609375 0.0703125 0.078125
7 0.31640625 0.5 0.078125 0.08203125
8 0.49609375 0.50390625 0.08203125 0.08984375
9 0.65234375 0.515625 0.07421875 0.09375
10 0.7421875 0.51171875 0.08984375 0.08984375
0 0.26953125 0.02734375 0.03515625 0.05078125
7 0.41796875 0.03125 0.0546875 0.0625
8 0.60546875 0.02734375 0.10546875 0.05078125
9 0.8046875 0.02734375 0.078125 0.0546875