0 0.14453125 0.0859375 0.08984375 0.06640625
7 0.265625 0.05859375 0.046875 0.06640625
8 0.3984375 0.04296875 0.10546875 0.0703125
9 0.55859375 0.02734375 0.0859375 0.0546875
1 0.21484375 0.37109375 0.0703125 0.0546875
3 0.33203125 0.3671875 0.1015625 0.0625
4 0.48046875 0.34765625 0.10546875 0.0703125
5 0.64453125 0.3125 0.0703125 0.08984375
6 0.84375 0.2890625 0.06640625 0.078125
0 0.16015625 0.46484375 0.07421875 0.09765625
7 0.28515625 0.44921875 0.08203125 0.06640625
8 0.421875 0.42578125 0.0703125 0.05859375
9 0.53515625 0.421875 0.07421875 0.078125
10 0.61328125 0.3984375 0.046875 0.0546875