1 0.26953125 0.41015625 0.11328125 0.078125
3 0.39453125 0.4765625 0.11328125 0.09765625
4 0.609375 0.54296875 0.12109375 0.109375
5 0.83203125 0.6328125 0.09765625 0.1015625
0 0.12890625 0.48828125 0.10546875 0.0859375
7 0.26953125 0.546875 0.0625 0.08203125
8 0.45703125 0.60546875 0.1171875 0.1015625
9 0.6015625 0.66015625 0.0703125 0.09765625
10 0.7109375 0.70703125 0.08984375 0.125
0 0.5 0.0546875 0.0859375 0.078125
7 0.671875 0.11328125 0.0625 0.0859375
8 0.84375 0.1640625 0.08984375 0.08984375
3 0.7578125 0.0390625 0.0859375 0.07421875
4 0.9453125 0.11328125 0.08203125 0.08984375