1 0.140625 0.39453125 0.09375 0.1015625
0 0.1484375 0.046875 0.078125 0.09375
7 0.3046875 0.0546875 0.09375 0.09375
8 0.4609375 0.046875 0.078125 0.07421875
9 0.62890625 0.04296875 0.08203125 0.08203125
10 0.84765625 0.046875 0.078125 0.078125
6 0.8828125 0.40234375 0.0859375 0.05859375
5 0.65625 0.3984375 0.078125 0.06640625
4 0.4609375 0.3984375 0.08984375 0.0859375
3 0.2734375 0.3984375 0.109375 0.07421875
0 0.05859375 0.48828125 0.07421875 0.0546875
7 0.20703125 0.48828125 0.05078125 0.0703125
8 0.37109375 0.4921875 0.05859375 0.0859375
9 0.50390625 0.48828125 0.04296875 0.0703125
10 0.58984375 0.49609375 0.0703125 0.0859375