0 0.28515625 0.76953125 0.015625 0.03515625
1 0.3203125 0.76953125 0.015625 0.0390625
3 0.26953125 0.76953125 0.015625 0.03515625
3 0.3046875 0.76953125 0.01171875 0.0390625
7 0.23828125 0.76953125 0.015625 0.0390625
7 0.0546875 0.7734375 0.015625 0.03515625
0 0.078125 0.76953125 0.015625 0.03515625
0 0.09765625 0.76953125 0.015625 0.03515625
10 0.140625 0.88671875 0.015625 0.03515625
5 0.3125 0.88671875 0.015625 0.03515625
3 0.328125 0.88671875 0.015625 0.0390625
1 0.296875 0.88671875 0.01171875 0.0390625
7 0.125 0.88671875 0.015625 0.0390625
4 0.1640625 0.88671875 0.015625 0.0390625
1 0.3515625 0.88671875 0.015625 0.0390625
3 0.10546875 0.88671875 0.015625 0.03515625