1 0.0546875 0.76953125 0.015625 0.03515625
1 0.078125 0.76953125 0.01171875 0.03515625
8 0.09765625 0.76953125 0.015625 0.03125
7 0.234375 0.76953125 0.015625 0.0390625
3 0.265625 0.76953125 0.015625 0.03515625
3 0.30078125 0.76953125 0.015625 0.03515625
3 0.10546875 0.88671875 0.015625 0.03515625
0 0.28515625 0.76953125 0.015625 0.03515625
1 0.31640625 0.76953125 0.01171875 0.03515625
1 0.125 0.88671875 0.01171875 0.03515625
4 0.140625 0.88671875 0.015625 0.0390625
6 0.1640625 0.88671875 0.01171875 0.03515625
6 0.3125 0.88671875 0.015625 0.0390625
9 0.296875 0.88671875 0.015625 0.03515625
9 0.3359375 0.88671875 0.015625 0.03515625