4 0.0546875 0.734375 0.015625 0.0390625
5 0.078125 0.734375 0.01171875 0.04296875
5 0.09765625 0.734375 0.015625 0.0390625
7 0.234375 0.734375 0.015625 0.04296875
7 0.125 0.87109375 0.015625 0.04296875
7 0.3359375 0.87109375 0.015625 0.04296875
3 0.265625 0.734375 0.015625 0.04296875
3 0.30078125 0.734375 0.015625 0.04296875
0 0.28515625 0.734375 0.015625 0.04296875
1 0.31640625 0.734375 0.01171875 0.04296875
1 0.10546875 0.87109375 0.015625 0.04296875
10 0.140625 0.87109375 0.015625 0.04296875
9 0.1640625 0.87109375 0.015625 0.04296875
9 0.296875 0.87109375 0.015625 0.04296875
6 0.3125 0.87109375 0.015625 0.04296875