8 0.39453125 0.6953125 0.03515625 0.05078125
8 0.7109375 0.66796875 0.02734375 0.05859375
5 0.65234375 0.6640625 0.03125 0.0546875
1 0.43359375 0.33984375 0.02734375 0.04296875
1 0.73828125 0.66796875 0.0234375 0.0546875
3 0.4609375 0.33984375 0.0234375 0.04296875
9 0.37890625 0.33984375 0.0234375 0.0546875
4 0.44921875 0.703125 0.0234375 0.0546875
4 0.4765625 0.703125 0.0234375 0.0546875
10 0.63671875 0.3046875 0.03125 0.0546875
7 0.66015625 0.3046875 0.0234375 0.0546875
0 0.71875 0.30078125 0.03125 0.05859375