1 0.21484375 0.1796875 0.1015625 0.12890625
1 0.40234375 0.1796875 0.10546875 0.125
3 0.58984375 0.1796875 0.15625 0.1484375
3 0.77734375 0.18359375 0.14453125 0.140625
4 0.22265625 0.33984375 0.140625 0.1328125
4 0.4140625 0.34375 0.1328125 0.125
5 0.59375 0.3359375 0.1484375 0.1328125
5 0.76953125 0.33984375 0.15625 0.125
6 0.23046875 0.5 0.14453125 0.13671875
6 0.40625 0.49609375 0.14453125 0.140625
7 0.59375 0.49609375 0.15234375 0.13671875
7 0.7734375 0.49609375 0.14453125 0.140625
8 0.2265625 0.65234375 0.15625 0.13671875
8 0.41015625 0.65234375 0.15625 0.1328125
9 0.59375 0.65625 0.140625 0.13671875
9 0.7734375 0.65234375 0.13671875 0.13671875
10 0.22265625 0.80859375 0.14453125 0.13671875
10 0.41015625 0.80859375 0.14453125 0.1328125
0 0.5859375 0.80859375 0.14453125 0.140625
0 0.7734375 0.8125 0.14453125 0.1328125