1 0.2421875 0.171875 0.015625 0.03515625
0 0.26171875 0.171875 0.0234375 0.03515625
1 0.0234375 0.4296875 0.0078125 0.0234375
1 0.21484375 0.4296875 0.0078125 0.0234375
1 0.2265625 0.4296875 0.0078125 0.02734375
1 0.30078125 0.4296875 0.0078125 0.03125
1 0.41796875 0.4296875 0.0078125 0.0234375
1 0.4765625 0.4296875 0.0078125 0.0234375
0 0.0390625 0.4296875 0.01171875 0.0234375
0 0.06640625 0.4296875 0.015625 0.0234375
3 0.08203125 0.4296875 0.015625 0.0234375
3 0.2578125 0.4296875 0.015625 0.0234375
3 0.2890625 0.4296875 0.01171875 0.0234375
3 0.20703125 0.5390625 0.015625 0.0234375
0 0.2734375 0.4296875 0.015625 0.0234375
9 0.43359375 0.4296875 0.015625 0.0234375
4 0.44921875 0.4296875 0.015625 0.0234375
4 0.4921875 0.4296875 0.015625 0.0234375
4 0.44921875 0.5390625 0.015625 0.0234375
10 0.46484375 0.4296875 0.015625 0.0234375
10 0.5078125 0.4296875 0.01171875 0.0234375
10 0.03515625 0.5390625 0.015625 0.0234375
6 0.52734375 0.4296875 0.01171875 0.0234375
6 0.43359375 0.5390625 0.015625 0.0234375
1 0.734375 0.7421875 0.0078125 0.0234375
1 0.7421875 0.7421875 0.01171875 0.0234375