10 0.03125 0.35546875 0.015625 0.01953125
6 0.0546875 0.35546875 0.01171875 0.01953125
9 0.0703125 0.35546875 0.015625 0.01953125
1 0.1953125 0.35546875 0.0078125 0.01953125
4 0.2109375 0.359375 0.015625 0.01953125
3 0.23828125 0.35546875 0.015625 0.01953125
3 0.26953125 0.35546875 0.015625 0.01953125
0 0.25390625 0.35546875 0.015625 0.01953125
0 0.28515625 0.35546875 0.015625 0.01953125
5 0.0390625 0.43359375 0.015625 0.01953125
1 0.0546875 0.43359375 0.01171875 0.01953125
3 0.21875 0.43359375 0.015625 0.01953125
1 0.234375 0.43359375 0.0078125 0.01953125
6 0.45703125 0.43359375 0.015625 0.01953125
9 0.47265625 0.43359375 0.01953125 0.01953125
9 0.48828125 0.43359375 0.015625 0.01953125
1 0.546875 0.58203125 0.0078125 0.01953125
4 0.55859375 0.58203125 0.01171875 0.01953125
3 0.58984375 0.58203125 0.01171875 0.01953125
3 0.62109375 0.58203125 0.015625 0.01953125
0 0.60546875 0.58203125 0.01171875 0.01953125
0 0.63671875 0.58203125 0.015625 0.01953125
3 0.1328125 0.6796875 0.015625 0.01953125
0 0.1484375 0.6796875 0.015625 0.01953125
1 0.16015625 0.6796875 0.0078125 0.01953125
6 0.17578125 0.6796875 0.015625 0.01953125
1 0.12890625 0.7109375 0.0078125 0.01953125
0 0.14453125 0.7109375 0.015625 0.01953125
1 0.1796875 0.7578125 0.0078125 0.015625
3 0.63671875 0.7578125 0.01171875 0.015625
3 0.6484375 0.7578125 0.01171875 0.015625
1 0.546875 0.8203125 0.0078125 0.01953125
4 0.55859375 0.8203125 0.015625 0.01953125
3 0.58984375 0.8203125 0.01171875 0.01953125
3 0.62109375 0.8203125 0.01171875 0.01953125
0 0.60546875 0.8203125 0.01171875 0.01953125
0 0.63671875 0.8203125 0.015625 0.01953125
6 0.54296875 0.88671875 0.01171875 0.01953125
1 0.1796875 0.96484375 0.0078125 0.015625
3 0.63671875 0.96484375 0.01171875 0.015625
9 0.6484375 0.96484375 0.01171875 0.01953125