8 0.69140625 0.75 0.05078125 0.1015625
8 0.18359375 0.7734375 0.0390625 0.08203125
5 0.60546875 0.75 0.05859375 0.1015625
1 0.7421875 0.75390625 0.046875 0.1015625
1 0.2734375 0.19921875 0.02734375 0.07421875
3 0.31640625 0.203125 0.04296875 0.0703125
9 0.19140625 0.1796875 0.03515625 0.07421875
4 0.2734375 0.78125 0.03515625 0.0859375
4 0.3125 0.78125 0.03515625 0.0859375
10 0.59375 0.16015625 0.04296875 0.09375
7 0.63671875 0.1640625 0.0390625 0.0859375
0 0.7265625 0.16796875 0.03515625 0.078125