8 0.66015625 0.671875 0.0234375 0.0546875
8 0.359375 0.69140625 0.03125 0.0625
5 0.61328125 0.67578125 0.03125 0.0546875
1 0.43359375 0.33984375 0.0234375 0.0546875
1 0.6875 0.67578125 0.01953125 0.0546875
3 0.4609375 0.3515625 0.0234375 0.05078125
9 0.375 0.32421875 0.0234375 0.0625
4 0.4140625 0.6953125 0.0234375 0.05078125
4 0.44140625 0.6953125 0.01953125 0.05078125
10 0.64453125 0.33203125 0.0234375 0.05859375
7 0.671875 0.3359375 0.0234375 0.0546875
0 0.72265625 0.33984375 0.0234375 0.05078125