1 0.1171875 0.0546875 0.0546875 0.0546875
3 0.30859375 0.05859375 0.0703125 0.0546875
4 0.5 0.05859375 0.06640625 0.0625
5 0.6953125 0.05859375 0.0859375 0.05859375
6 0.88671875 0.05859375 0.078125 0.0625
7 0.1171875 0.15625 0.078125 0.05859375
8 0.3046875 0.15625 0.0703125 0.0546875
9 0.5 0.15625 0.0859375 0.0625
10 0.69140625 0.15625 0.08203125 0.05859375
1 0.8515625 0.15625 0.05078125 0.06640625
1 0.08984375 0.25390625 0.05078125 0.0625
1 0.15234375 0.25390625 0.0546875 0.0625
1 0.08203125 0.3515625 0.05859375 0.0546875
1 0.26953125 0.25390625 0.046875 0.05859375
1 0.46484375 0.25390625 0.05859375 0.05859375
1 0.65234375 0.25390625 0.05078125 0.0546875
1 0.84765625 0.25390625 0.0546875 0.0546875
1 0.2734375 0.3515625 0.0546875 0.05859375
1 0.46484375 0.3515625 0.0625 0.05859375
1 0.65625 0.3515625 0.05078125 0.05859375
1 0.15625 0.453125 0.0546875 0.0546875
1 0.15234375 0.6484375 0.046875 0.05859375
1 0.15625 0.84375 0.0546875 0.0546875
3 0.34375 0.2578125 0.0625 0.0546875
3 0.84765625 0.34765625 0.06640625 0.0546875
3 0.09375 0.44921875 0.078125 0.0625
3 0.27734375 0.453125 0.0703125 0.0546875
3 0.34375 0.44921875 0.0703125 0.0625
3 0.46875 0.453125 0.0625 0.0546875
3 0.65625 0.453125 0.06640625 0.0546875
3 0.8515625 0.453125 0.06640625 0.05859375
3 0.078125 0.546875 0.0625 0.0546875
3 0.2734375 0.546875 0.06640625 0.05859375
3 0.46484375 0.546875 0.0625 0.0625
3 0.65625 0.55078125 0.06640625 0.0625
3 0.33984375 0.6484375 0.0625 0.0546875
3 0.34375 0.84375 0.06640625 0.0625
4 0.53515625 0.25390625 0.0625 0.05859375
4 0.5390625 0.453125 0.06640625 0.05859375
4 0.0859375 0.6484375 0.0703125 0.0546875
4 0.27734375 0.6484375 0.0703125 0.05859375
4 0.46875 0.6484375 0.0625 0.0546875
4 0.5390625 0.64453125 0.0703125 0.0625
4 0.65234375 0.64453125 0.0703125 0.0546875
5 0.734375 0.64453125 0.078125 0.0625
4 0.84765625 0.546875 0.06640625 0.05859375
4 0.08203125 0.7421875 0.0625 0.0625
4 0.27734375 0.7421875 0.0703125 0.0625
4 0.4609375 0.74609375 0.078125 0.0625
4 0.65625 0.7421875 0.0625 0.0546875
4 0.84765625 0.7421875 0.0703125 0.0546875
4 0.5390625 0.84375 0.0703125 0.0625
5 0.72265625 0.25390625 0.0703125 0.0625
5 0.7265625 0.453125 0.08203125 0.0625
5 0.08984375 0.84375 0.078125 0.0546875
5 0.2734375 0.84375 0.078125 0.06640625
5 0.46875 0.84375 0.0625 0.0546875
5 0.65625 0.83984375 0.06640625 0.05859375
5 0.73828125 0.83984375 0.078125 0.06640625
5 0.84765625 0.84375 0.0703125 0.0546875
5 0.08203125 0.94140625 0.078125 0.05859375
5 0.28125 0.9375 0.078125 0.0546875
5 0.46484375 0.94140625 0.078125 0.0546875
5 0.65625 0.94140625 0.08203125 0.0546875
6 0.9140625 0.25390625 0.07421875 0.05859375
6 0.921875 0.44921875 0.078125 0.0546875
6 0.91796875 0.64453125 0.0703125 0.0625
4 0.8515625 0.6484375 0.0703125 0.05859375
6 0.92578125 0.84375 0.07421875 0.0625
6 0.84765625 0.94140625 0.05859375 0.0546875
0 0.91796875 0.15625 0.078125 0.0546875
0 0.9140625 0.546875 0.08203125 0.05859375
0 0.92578125 0.74609375 0.09375 0.05859375
0 0.921875 0.9375 0.08203125 0.05859375
0 0.921875 0.3515625 0.078125 0.0546875
7 0.15234375 0.3515625 0.07421875 0.0546875
7 0.15234375 0.55078125 0.07421875 0.0546875
7 0.15234375 0.74609375 0.0703125 0.0546875
7 0.15625 0.94140625 0.078125 0.0625
8 0.33984375 0.3515625 0.0703125 0.06640625
8 0.34375 0.546875 0.0703125 0.05859375
8 0.34375 0.74609375 0.07421875 0.05859375
8 0.34765625 0.9375 0.0703125 0.0546875
9 0.53125 0.3515625 0.07421875 0.0546875
9 0.53515625 0.55078125 0.07421875 0.0546875
9 0.53515625 0.74609375 0.078125 0.05078125
9 0.54296875 0.94140625 0.0703125 0.05859375
10 0.72265625 0.3515625 0.0625 0.0546875
10 0.72265625 0.55078125 0.078125 0.05078125
10 0.7265625 0.74609375 0.078125 0.0546875
10 0.73046875 0.94140625 0.0625 0.05859375