1 0.06640625 0.07421875 0.02734375 0.04296875
3 0.16015625 0.078125 0.0390625 0.05078125
4 0.24609375 0.0703125 0.02734375 0.04296875
5 0.33984375 0.07421875 0.04296875 0.046875
6 0.42578125 0.0703125 0.03125 0.046875
7 0.515625 0.07421875 0.03125 0.0390625
8 0.609375 0.0703125 0.02734375 0.0390625
9 0.6953125 0.07421875 0.03125 0.0390625
10 0.78515625 0.07421875 0.02734375 0.04296875
1 0.86328125 0.07421875 0.0234375 0.0390625
0 0.890625 0.07421875 0.02734375 0.04296875
1 0.0546875 0.16796875 0.01953125 0.0390625
1 0.08203125 0.16796875 0.03125 0.05078125
1 0.14453125 0.16796875 0.01953125 0.046875
1 0.234375 0.16796875 0.01953125 0.0390625
1 0.32421875 0.16796875 0.0234375 0.0390625
1 0.4140625 0.16796875 0.0234375 0.0390625
1 0.50390625 0.16796875 0.0234375 0.0390625
1 0.59765625 0.16796875 0.0234375 0.0390625
1 0.68359375 0.171875 0.0234375 0.0390625
1 0.7734375 0.171875 0.01953125 0.0390625
1 0.078125 0.265625 0.0234375 0.0390625
1 0.08203125 0.359375 0.01953125 0.05078125
1 0.078125 0.45703125 0.01953125 0.046875
1 0.08203125 0.546875 0.02734375 0.04296875
1 0.08203125 0.64453125 0.0234375 0.04296875
1 0.08203125 0.7421875 0.0234375 0.0546875
1 0.078125 0.83984375 0.0234375 0.046875
1 0.08203125 0.9296875 0.0234375 0.0390625
3 0.171875 0.171875 0.02734375 0.046875
3 0.14453125 0.265625 0.03125 0.04296875
3 0.0546875 0.265625 0.0234375 0.0390625
3 0.17578125 0.265625 0.03125 0.046875
3 0.234375 0.265625 0.0234375 0.0390625
3 0.3203125 0.265625 0.02734375 0.0390625
3 0.4140625 0.265625 0.0234375 0.04296875
3 0.50390625 0.265625 0.03125 0.0390625
3 0.59765625 0.265625 0.02734375 0.04296875
3 0.68359375 0.265625 0.0234375 0.0390625
3 0.7734375 0.265625 0.0234375 0.0390625
3 0.171875 0.359375 0.03125 0.04296875
3 0.171875 0.45703125 0.03125 0.0390625
3 0.171875 0.546875 0.03125 0.04296875
3 0.171875 0.64453125 0.03125 0.04296875
3 0.16796875 0.7421875 0.03125 0.05078125
3 0.171875 0.8359375 0.02734375 0.04296875
3 0.171875 0.9296875 0.03515625 0.05078125
4 0.26171875 0.26171875 0.03125 0.046875
4 0.8671875 0.26171875 0.02734375 0.04296875
4 0.0546875 0.359375 0.0234375 0.046875
4 0.14453125 0.359375 0.0234375 0.04296875
4 0.23828125 0.359375 0.03125 0.046875
4 0.26171875 0.359375 0.02734375 0.046875
4 0.3203125 0.36328125 0.02734375 0.046875
4 0.4140625 0.36328125 0.02734375 0.046875
4 0.50390625 0.36328125 0.02734375 0.046875
4 0.59375 0.359375 0.03125 0.04296875
4 0.68359375 0.359375 0.02734375 0.0390625
4 0.7734375 0.359375 0.02734375 0.0390625
4 0.26171875 0.45703125 0.02734375 0.046875
4 0.26171875 0.5546875 0.02734375 0.046875
4 0.265625 0.64453125 0.03125 0.0390625
4 0.26171875 0.7421875 0.03125 0.0390625
4 0.26171875 0.8359375 0.03125 0.04296875
4 0.26171875 0.9296875 0.02734375 0.046875
3 0.8671875 0.16796875 0.03125 0.0390625
5 0.3515625 0.171875 0.03125 0.04296875
5 0.34765625 0.265625 0.02734375 0.046875
5 0.3515625 0.359375 0.03125 0.046875
5 0.35546875 0.45703125 0.03125 0.04296875
5 0.328125 0.45703125 0.03125 0.0390625
5 0.234375 0.45703125 0.03125 0.04296875
5 0.14453125 0.453125 0.02734375 0.0390625
5 0.0546875 0.45703125 0.03125 0.0390625
5 0.4140625 0.45703125 0.03125 0.04296875
5 0.50390625 0.453125 0.02734375 0.046875
5 0.59765625 0.453125 0.02734375 0.0390625
5 0.68359375 0.453125 0.02734375 0.0390625
5 0.7734375 0.45703125 0.02734375 0.0390625
5 0.3515625 0.546875 0.03125 0.03515625
5 0.3515625 0.6484375 0.03125 0.03515625
5 0.34765625 0.73828125 0.02734375 0.04296875
5 0.3515625 0.8359375 0.03125 0.0390625
5 0.35546875 0.9296875 0.02734375 0.04296875
6 0.44140625 0.16796875 0.02734375 0.04296875
6 0.44140625 0.26171875 0.0234375 0.04296875
6 0.44140625 0.359375 0.03125 0.04296875
6 0.44140625 0.453125 0.03125 0.0390625
6 0.0546875 0.55078125 0.02734375 0.0390625
6 0.14453125 0.55078125 0.0234375 0.04296875
6 0.234375 0.55078125 0.0234375 0.04296875
6 0.32421875 0.55078125 0.03125 0.04296875
6 0.4140625 0.546875 0.0234375 0.04296875
6 0.44140625 0.546875 0.02734375 0.0390625
6 0.5078125 0.546875 0.0234375 0.03515625
6 0.59765625 0.55078125 0.0234375 0.04296875
6 0.6796875 0.546875 0.02734375 0.03515625
6 0.7734375 0.546875 0.02734375 0.03515625
6 0.44140625 0.64453125 0.0234375 0.0390625
6 0.44140625 0.73828125 0.0234375 0.03515625
6 0.44140625 0.8359375 0.03125 0.0390625
6 0.4375 0.93359375 0.02734375 0.046875
7 0.53125 0.16796875 0.02734375 0.0390625
7 0.53125 0.265625 0.02734375 0.0390625
7 0.53125 0.359375 0.02734375 0.03515625
7 0.53125 0.453125 0.03125 0.046875
7 0.53125 0.55078125 0.03125 0.05078125
7 0.53515625 0.6484375 0.03125 0.05078125
7 0.0546875 0.64453125 0.0234375 0.05078125
7 0.1484375 0.64453125 0.03125 0.04296875
7 0.234375 0.64453125 0.03125 0.05078125
7 0.32421875 0.640625 0.0234375 0.04296875
7 0.41796875 0.6484375 0.02734375 0.04296875
7 0.50390625 0.6484375 0.0234375 0.04296875
7 0.59765625 0.6484375 0.02734375 0.046875
7 0.68359375 0.64453125 0.0234375 0.03515625
7 0.7734375 0.6484375 0.0234375 0.04296875
7 0.53125 0.73828125 0.02734375 0.03515625
7 0.53515625 0.8359375 0.03125 0.04296875
7 0.53125 0.93359375 0.02734375 0.046875
8 0.625 0.16796875 0.0234375 0.04296875
8 0.62109375 0.265625 0.03515625 0.0390625
8 0.625 0.359375 0.0234375 0.0390625
8 0.625 0.453125 0.0234375 0.04296875
8 0.62109375 0.55078125 0.0234375 0.046875
8 0.625 0.64453125 0.03515625 0.04296875
8 0.625 0.73828125 0.03125 0.046875
8 0.0546875 0.7421875 0.0234375 0.04296875
8 0.14453125 0.7421875 0.0234375 0.05078125
8 0.234375 0.7421875 0.02734375 0.04296875
8 0.3203125 0.73828125 0.0234375 0.046875
8 0.4140625 0.7421875 0.0234375 0.04296875
8 0.50390625 0.73828125 0.02734375 0.0390625
8 0.59765625 0.73828125 0.02734375 0.0390625
8 0.68359375 0.73828125 0.0234375 0.03515625
8 0.76953125 0.73828125 0.02734375 0.03515625
8 0.8671875 0.64453125 0.03515625 0.04296875
8 0.625 0.83203125 0.03125 0.046875
8 0.625 0.9296875 0.0234375 0.0390625
9 0.70703125 0.16796875 0.03125 0.0390625
9 0.7109375 0.26171875 0.03125 0.046875
9 0.7109375 0.359375 0.03125 0.04296875
9 0.7109375 0.453125 0.02734375 0.046875
9 0.7109375 0.546875 0.0234375 0.04296875
9 0.70703125 0.64453125 0.02734375 0.046875
9 0.70703125 0.73828125 0.02734375 0.046875
9 0.0546875 0.8359375 0.03125 0.04296875
9 0.14453125 0.8359375 0.0234375 0.04296875
9 0.234375 0.8359375 0.02734375 0.0390625
9 0.3203125 0.8359375 0.02734375 0.04296875
9 0.4140625 0.8359375 0.02734375 0.0390625
9 0.50390625 0.8359375 0.0234375 0.046875
9 0.59765625 0.8359375 0.02734375 0.046875
9 0.68359375 0.8359375 0.0234375 0.0390625
9 0.7109375 0.8359375 0.03125 0.046875
9 0.7734375 0.83984375 0.02734375 0.046875
9 0.86328125 0.7421875 0.02734375 0.0390625
9 0.7109375 0.93359375 0.02734375 0.04296875
10 0.796875 0.16796875 0.03125 0.046875
10 0.796875 0.26171875 0.02734375 0.04296875
10 0.796875 0.359375 0.02734375 0.0390625
10 0.796875 0.453125 0.02734375 0.046875
10 0.796875 0.5546875 0.03125 0.04296875
10 0.796875 0.6484375 0.0234375 0.04296875
10 0.796875 0.7421875 0.03125 0.05078125
10 0.80078125 0.8359375 0.02734375 0.046875
10 0.86328125 0.8359375 0.02734375 0.046875
10 0.0546875 0.9296875 0.03125 0.0390625
10 0.14453125 0.93359375 0.02734375 0.04296875
10 0.23828125 0.9296875 0.0234375 0.0390625
10 0.32421875 0.93359375 0.03125 0.04296875
10 0.4140625 0.93359375 0.0234375 0.04296875
10 0.50390625 0.9296875 0.03125 0.0390625
10 0.59765625 0.93359375 0.0234375 0.0390625
10 0.68359375 0.93359375 0.02734375 0.046875
10 0.7734375 0.9296875 0.02734375 0.0390625
10 0.796875 0.9296875 0.03125 0.046875
0 0.89453125 0.16796875 0.03125 0.05078125
0 0.890625 0.26171875 0.02734375 0.0390625
0 0.890625 0.359375 0.02734375 0.0390625
0 0.890625 0.45703125 0.02734375 0.04296875
0 0.89453125 0.55078125 0.0234375 0.05078125
0 0.890625 0.64453125 0.02734375 0.04296875
0 0.890625 0.73828125 0.02734375 0.046875
0 0.89453125 0.8359375 0.03125 0.05078125
0 0.90234375 0.93359375 0.02734375 0.05078125
0 0.87890625 0.9296875 0.0234375 0.046875
1 0.85546875 0.9296875 0.0234375 0.046875
5 0.8671875 0.359375 0.03125 0.04296875
6 0.8671875 0.45703125 0.02734375 0.04296875
7 0.86328125 0.546875 0.02734375 0.04296875