8 0.71875 0.734375 0.03515625 0.08203125
8 0.35546875 0.77734375 0.0390625 0.07421875
5 0.66015625 0.734375 0.0390625 0.0703125
1 0.75390625 0.7265625 0.03125 0.0703125
1 0.3984375 0.359375 0.02734375 0.05078125
3 0.43359375 0.36328125 0.03125 0.0546875
9 0.33984375 0.359375 0.02734375 0.0546875
4 0.42578125 0.77734375 0.03125 0.07421875
4 0.453125 0.7734375 0.02734375 0.0703125
10 0.62890625 0.3203125 0.0234375 0.0625
7 0.66015625 0.31640625 0.02734375 0.05859375
0 0.71875 0.31640625 0.0234375 0.0546875