1 0.0546875 0.13671875 0.03125 0.10546875
3 0.15234375 0.140625 0.02734375 0.09765625
4 0.25390625 0.140625 0.0234375 0.1015625
5 0.3515625 0.13671875 0.0234375 0.078125
6 0.44921875 0.13671875 0.02734375 0.08984375
7 0.55078125 0.13671875 0.0234375 0.0859375
8 0.6484375 0.13671875 0.01953125 0.078125
9 0.75 0.140625 0.0234375 0.08203125
10 0.84765625 0.140625 0.0234375 0.0859375
1 0.93359375 0.140625 0.01953125 0.078125
0 0.95703125 0.140625 0.0234375 0.08203125
1 0.04296875 0.33203125 0.015625 0.08984375
1 0.06640625 0.3359375 0.0234375 0.08984375
1 0.14453125 0.33203125 0.0234375 0.09375
3 0.16796875 0.328125 0.02734375 0.09375
1 0.2421875 0.33984375 0.015625 0.09765625
4 0.265625 0.328125 0.02734375 0.1015625
1 0.33984375 0.33203125 0.01953125 0.0859375
5 0.3671875 0.328125 0.0234375 0.109375
1 0.4375 0.33203125 0.0234375 0.09765625
6 0.46484375 0.33203125 0.02734375 0.09375
1 0.5390625 0.33203125 0.01953125 0.08984375
7 0.5625 0.3359375 0.0234375 0.09375
1 0.640625 0.328125 0.0234375 0.0859375
8 0.6640625 0.328125 0.02734375 0.08984375
1 0.734375 0.33203125 0.0234375 0.09375
9 0.7578125 0.33203125 0.02734375 0.09375
1 0.8359375 0.3359375 0.0234375 0.08984375
10 0.859375 0.3359375 0.0234375 0.08984375
3 0.93359375 0.328125 0.01953125 0.08984375
0 0.95703125 0.328125 0.02734375 0.109375
0 0.95703125 0.5234375 0.0234375 0.08984375
0 0.95703125 0.72265625 0.0234375 0.08203125
0 0.95703125 0.9140625 0.01953125 0.08203125
10 0.859375 0.52734375 0.01953125 0.09375
10 0.859375 0.7265625 0.0234375 0.08984375
10 0.859375 0.91796875 0.01953125 0.08203125
9 0.7578125 0.53125 0.01953125 0.0859375
9 0.7578125 0.7265625 0.01953125 0.08203125
9 0.7578125 0.9140625 0.01953125 0.078125
8 0.66015625 0.52734375 0.01953125 0.078125
8 0.66015625 0.72265625 0.01953125 0.08203125
8 0.66015625 0.9140625 0.0234375 0.08984375
7 0.5625 0.5234375 0.0234375 0.08984375
7 0.5625 0.71875 0.0234375 0.09375
7 0.5625 0.91796875 0.01953125 0.078125
6 0.4609375 0.53125 0.01953125 0.0859375
6 0.4609375 0.72265625 0.015625 0.08203125
6 0.4609375 0.91015625 0.0234375 0.09765625
5 0.36328125 0.52734375 0.01953125 0.0859375
5 0.36328125 0.72265625 0.01953125 0.078125
5 0.36328125 0.91796875 0.0234375 0.078125
4 0.265625 0.5234375 0.01953125 0.08984375
4 0.265625 0.72265625 0.0234375 0.09375
4 0.265625 0.9140625 0.0234375 0.078125
3 0.16796875 0.53125 0.015625 0.09375
3 0.16796875 0.7265625 0.0234375 0.09765625
3 0.1640625 0.9140625 0.0234375 0.08984375
3 0.14453125 0.52734375 0.0234375 0.1015625
3 0.046875 0.52734375 0.0234375 0.09765625
3 0.33984375 0.5234375 0.0234375 0.08203125
3 0.44140625 0.5234375 0.0234375 0.08984375
3 0.5390625 0.5234375 0.02734375 0.09375
3 0.63671875 0.52734375 0.0234375 0.09375
3 0.734375 0.53125 0.0234375 0.0859375
3 0.8359375 0.52734375 0.0234375 0.08984375
3 0.2421875 0.53125 0.0234375 0.0859375
4 0.04296875 0.71875 0.0234375 0.09375
4 0.14453125 0.72265625 0.0234375 0.0859375
4 0.2421875 0.7265625 0.0234375 0.08984375
4 0.33984375 0.71875 0.0234375 0.08984375
4 0.4375 0.71875 0.0234375 0.09375
4 0.5390625 0.72265625 0.0234375 0.09765625
4 0.63671875 0.72265625 0.0234375 0.08203125
4 0.73828125 0.7265625 0.0234375 0.08203125
4 0.8359375 0.7265625 0.0234375 0.09765625
1 0.0703125 0.72265625 0.02734375 0.09765625
1 0.06640625 0.9140625 0.01953125 0.09375
5 0.046875 0.91796875 0.01953125 0.078125
5 0.14453125 0.9140625 0.0234375 0.08984375
5 0.2421875 0.91015625 0.0234375 0.08984375
5 0.33984375 0.9140625 0.01953125 0.08203125
5 0.4375 0.9140625 0.02734375 0.1015625
5 0.5390625 0.91015625 0.0234375 0.1015625
5 0.63671875 0.9140625 0.0234375 0.09375
5 0.734375 0.9140625 0.0234375 0.09375
5 0.8359375 0.91796875 0.0234375 0.078125
5 0.93359375 0.7265625 0.0234375 0.08203125
4 0.93359375 0.52734375 0.0234375 0.08203125
6 0.93359375 0.91796875 0.0234375 0.09375