1 0.49609375 0.1328125 0.01171875 0.015625
0 0.51953125 0.1328125 0.0234375 0.015625
0 0.5390625 0.1328125 0.01953125 0.015625
1 0.05078125 0.265625 0.01171875 0.015625
8 0.05078125 0.3828125 0.01171875 0.01171875
4 0.0703125 0.3828125 0.01171875 0.01171875
8 0.0859375 0.3828125 0.015625 0.01171875
3 0.21484375 0.3828125 0.01171875 0.01171875
3 0.2421875 0.3828125 0.01171875 0.01171875
3 0.2734375 0.3828125 0.01171875 0.01171875
0 0.2578125 0.3828125 0.01171875 0.01171875
0 0.2890625 0.3828125 0.01171875 0.01171875
3 0.05859375 0.43359375 0.015625 0.01171875
3 0.07421875 0.43359375 0.01171875 0.01171875
3 0.453125 0.43359375 0.015625 0.01171875
1 0.23046875 0.43359375 0.0078125 0.01171875
1 0.2421875 0.43359375 0.0078125 0.01171875
9 0.46875 0.43359375 0.015625 0.01171875
9 0.48828125 0.43359375 0.015625 0.01171875
3 0.80859375 0.52734375 0.01171875 0.01171875
3 0.8359375 0.52734375 0.01171875 0.01171875
3 0.8671875 0.52734375 0.01171875 0.01171875
0 0.8515625 0.52734375 0.01171875 0.01171875
0 0.8828125 0.52734375 0.01171875 0.01171875
1 0.1953125 0.7578125 0.0078125 0.01171875
3 0.4140625 0.7578125 0.01171875 0.01171875
1 0.62890625 0.7578125 0.0078125 0.0078125
10 0.640625 0.7578125 0.01171875 0.01171875
3 0.80859375 0.80078125 0.01171875 0.01171875
3 0.8359375 0.80078125 0.01171875 0.01171875
3 0.8671875 0.80078125 0.01171875 0.01171875
0 0.8515625 0.80078125 0.01171875 0.01171875
0 0.8828125 0.80078125 0.01171875 0.01171875
3 0.1484375 0.8828125 0.01171875 0.01171875
8 0.43359375 0.9375 0.01171875 0.01171875
1 0.1953125 0.97265625 0.0078125 0.0078125
1 0.41015625 0.97265625 0.0078125 0.01171875
1 0.62890625 0.97265625 0.0078125 0.0078125
5 0.640625 0.97265625 0.01171875 0.01171875