0 0.23828125 0.2578125 0.046875 0.05859375
1 0.38671875 0.2578125 0.015625 0.08203125
3 0.5390625 0.26171875 0.05078125 0.06640625
4 0.6875 0.2578125 0.0546875 0.0546875
5 0.8359375 0.2578125 0.046875 0.05859375
6 0.23828125 0.5 0.05078125 0.0625
7 0.3828125 0.50390625 0.0546875 0.05859375
8 0.53515625 0.49609375 0.0390625 0.06640625
9 0.68359375 0.50390625 0.046875 0.0625
10 0.8359375 0.5 0.0546875 0.05859375
1 0.234375 0.7421875 0.0234375 0.05078125
3 0.390625 0.74609375 0.0546875 0.0546875
4 0.53515625 0.7421875 0.046875 0.05859375
5 0.6875 0.7421875 0.046875 0.0546875