8 0.55078125 0.74609375 0.0234375 0.04296875
8 0.32421875 0.75 0.0234375 0.0390625
5 0.51171875 0.7421875 0.0234375 0.04296875
1 0.36328125 0.5 0.01953125 0.0390625
1 0.57421875 0.7421875 0.01953125 0.0390625
3 0.37890625 0.5 0.01953125 0.0390625
9 0.3203125 0.49609375 0.01953125 0.0390625
4 0.3671875 0.7578125 0.015625 0.04296875
4 0.38671875 0.7578125 0.015625 0.04296875
10 0.5078125 0.48046875 0.0234375 0.04296875
7 0.52734375 0.48046875 0.01953125 0.0390625
0 0.5703125 0.484375 0.015625 0.03515625