8 0.6328125 0.578125 0.02734375 0.0546875
8 0.36328125 0.64453125 0.0234375 0.05078125
5 0.5859375 0.5859375 0.03125 0.05078125
1 0.66015625 0.578125 0.0234375 0.0546875
1 0.37890625 0.3203125 0.01953125 0.04296875
3 0.40625 0.32421875 0.0234375 0.05078125
9 0.33203125 0.3203125 0.01953125 0.04296875
4 0.41015625 0.63671875 0.02734375 0.05078125
4 0.43359375 0.63671875 0.0234375 0.046875
10 0.5546875 0.27734375 0.0234375 0.05078125
7 0.578125 0.2734375 0.0234375 0.04296875
0 0.625 0.265625 0.02734375 0.0546875