8 0.3203125 0.796875 0.05078125 0.09375
8 0.66796875 0.6796875 0.0234375 0.07421875
5 0.625 0.6875 0.0390625 0.07421875
1 0.6953125 0.671875 0.02734375 0.0703125
1 0.375 0.1953125 0.03515625 0.08203125
3 0.41015625 0.203125 0.03125 0.06640625
9 0.30078125 0.15625 0.04296875 0.0859375
4 0.41015625 0.78515625 0.04296875 0.08984375
4 0.44140625 0.76953125 0.0390625 0.078125
10 0.59375 0.19921875 0.02734375 0.07421875
7 0.6171875 0.20703125 0.0234375 0.06640625
0 0.6640625 0.21875 0.0234375 0.05859375