0 0.0546875 0.42578125 0.0625 0.09375
6 0.18359375 0.44140625 0.08203125 0.09765625
6 0.3046875 0.45703125 0.06640625 0.09375
6 0.81640625 0.52734375 0.08203125 0.08984375
4 0.4296875 0.4765625 0.0625 0.09375
4 0.55078125 0.48828125 0.05859375 0.09765625
10 0.94921875 0.54296875 0.06640625 0.07421875
9 0.6953125 0.51171875 0.06640625 0.08203125
9 0.6875 0.57421875 0.078125 0.046875
7 0.8203125 0.59765625 0.08203125 0.04296875
3 0.9140625 0.4375 0.04296875 0.07421875
0 0.9609375 0.4375 0.03515625 0.0703125
0 0.9921875 0.4453125 0.015625 0.0703125