1 0.609375 0.3359375 0.00390625 0.015625
1 0.875 0.37109375 0.0078125 0.015625
0 0.8828125 0.37109375 0.01171875 0.01953125
7 0.4296875 0.41796875 0.0078125 0.015625
7 0.73828125 0.7109375 0.0078125 0.015625
1 0.578125 0.41796875 0.00390625 0.015625
1 0.73046875 0.41796875 0.0078125 0.015625
1 0.73046875 0.94921875 0.0078125 0.015625
3 0.69140625 0.484375 0.0078125 0.015625
0 0.69921875 0.484375 0.0078125 0.015625
1 0.39453125 0.51953125 0.0078125 0.015625
4 0.4296875 0.7109375 0.0078125 0.015625
5 0.58203125 0.7109375 0.0078125 0.015625
3 0.73046875 0.7109375 0.0078125 0.015625
3 0.62109375 0.8359375 0.0078125 0.015625
0 0.62890625 0.8359375 0.0078125 0.01953125
9 0.73828125 0.94921875 0.0078125 0.015625