8 0.67578125 0.6640625 0.03125 0.0625
8 0.359375 0.72265625 0.02734375 0.05859375
5 0.62109375 0.66796875 0.03515625 0.0546875
1 0.38671875 0.35546875 0.03515625 0.05078125
1 0.703125 0.65625 0.03125 0.0625
3 0.41796875 0.3515625 0.02734375 0.04296875
9 0.33203125 0.3515625 0.02734375 0.0546875
4 0.41796875 0.71875 0.0234375 0.05078125
4 0.4453125 0.7109375 0.0234375 0.0546875
10 0.58984375 0.30859375 0.02734375 0.0546875
7 0.61328125 0.3046875 0.0234375 0.05078125
0 0.66796875 0.3046875 0.02734375 0.05078125