0 0.03125 0.859375 0.05859375 0.08203125
1 0.109375 0.859375 0.0390625 0.08203125
3 0.19140625 0.859375 0.0625 0.0859375
4 0.28125 0.859375 0.05859375 0.08203125
5 0.375 0.86328125 0.06640625 0.08203125
6 0.47265625 0.859375 0.05859375 0.08203125
7 0.56640625 0.86328125 0.0625 0.08203125
8 0.65234375 0.859375 0.04296875 0.08203125
9 0.7421875 0.859375 0.05859375 0.078125
10 0.8359375 0.86328125 0.05859375 0.0859375
1 0.91796875 0.86328125 0.03515625 0.0859375
0 0.96875 0.85546875 0.0546875 0.07421875