0 0.203125 0.02734375 0.02734375 0.05078125
0 0.203125 0.11328125 0.0234375 0.046875
0 0.19921875 0.1953125 0.01953125 0.0546875
0 0.203125 0.28125 0.01953125 0.0546875
0 0.203125 0.359375 0.015625 0.05859375
0 0.203125 0.4453125 0.015625 0.05078125
0 0.203125 0.52734375 0.01953125 0.046875
0 0.203125 0.6171875 0.0234375 0.0546875
0 0.19921875 0.703125 0.01953125 0.06640625
0 0.19921875 0.79296875 0.01953125 0.0546875
0 0.19921875 0.875 0.015625 0.0546875
0 0.203125 0.953125 0.01953125 0.05078125
1 0.2265625 0.02734375 0.01171875 0.05078125
1 0.23046875 0.11328125 0.015625 0.05078125
1 0.22265625 0.19921875 0.01171875 0.0546875
1 0.2265625 0.28125 0.01171875 0.0546875
1 0.2265625 0.36328125 0.01171875 0.0546875
1 0.2265625 0.4453125 0.01171875 0.05078125
1 0.2265625 0.52734375 0.01171875 0.046875
1 0.23046875 0.6171875 0.01171875 0.05078125
1 0.2265625 0.703125 0.01171875 0.06640625
1 0.2265625 0.79296875 0.01171875 0.05859375
1 0.2265625 0.875 0.0078125 0.05078125
1 0.2265625 0.953125 0.01171875 0.05078125
3 0.25 0.02734375 0.0234375 0.05078125
3 0.25390625 0.1171875 0.0234375 0.05078125
3 0.25 0.1953125 0.015625 0.0546875
3 0.25 0.28125 0.0234375 0.05078125
3 0.25390625 0.36328125 0.015625 0.05859375
3 0.25 0.44140625 0.015625 0.05078125
3 0.25 0.52734375 0.01953125 0.046875
3 0.2578125 0.6171875 0.01953125 0.05078125
3 0.25390625 0.703125 0.01953125 0.06640625
3 0.25390625 0.79296875 0.01953125 0.0546875
3 0.25390625 0.87109375 0.01953125 0.0546875
3 0.25 0.953125 0.01953125 0.0546875
4 0.27734375 0.02734375 0.0234375 0.05078125
4 0.28125 0.11328125 0.0234375 0.05078125
4 0.27734375 0.1953125 0.01953125 0.05078125
4 0.28125 0.28125 0.0234375 0.0546875
4 0.28125 0.359375 0.015625 0.0546875
4 0.27734375 0.4453125 0.015625 0.05078125
4 0.28125 0.52734375 0.01953125 0.046875
4 0.28515625 0.6171875 0.01953125 0.0546875
4 0.28125 0.703125 0.01953125 0.06640625
4 0.28125 0.79296875 0.01953125 0.0546875
4 0.28125 0.87109375 0.015625 0.0546875
4 0.27734375 0.953125 0.01953125 0.05078125
5 0.3046875 0.02734375 0.0234375 0.05078125
5 0.30859375 0.11328125 0.0234375 0.05078125
5 0.30859375 0.19921875 0.01953125 0.05078125
5 0.30859375 0.28125 0.0234375 0.05078125
5 0.30859375 0.359375 0.01953125 0.0546875
5 0.30859375 0.4453125 0.01953125 0.05078125
5 0.3125 0.52734375 0.01953125 0.05078125
5 0.31640625 0.6171875 0.0234375 0.05078125
5 0.30859375 0.703125 0.0234375 0.06640625
5 0.3125 0.79296875 0.0234375 0.05078125
5 0.3125 0.875 0.01953125 0.0546875
5 0.3046875 0.953125 0.01953125 0.05078125
6 0.3359375 0.02734375 0.0234375 0.05078125
6 0.33984375 0.11328125 0.0234375 0.05078125
6 0.3359375 0.19921875 0.015625 0.0546875
6 0.33984375 0.28125 0.0234375 0.05078125
6 0.33984375 0.359375 0.01953125 0.0546875
6 0.3359375 0.4453125 0.01953125 0.05078125
6 0.33984375 0.52734375 0.0234375 0.046875
6 0.34375 0.6171875 0.01953125 0.05078125
6 0.33984375 0.70703125 0.01953125 0.0703125
6 0.33984375 0.79296875 0.01953125 0.05078125
6 0.33984375 0.875 0.015625 0.0546875
6 0.3359375 0.953125 0.01953125 0.05078125
7 0.36328125 0.02734375 0.0234375 0.05078125
7 0.3671875 0.11328125 0.0234375 0.05078125
7 0.3671875 0.19921875 0.01953125 0.05078125
7 0.3671875 0.28125 0.0234375 0.05078125
7 0.3671875 0.359375 0.015625 0.0546875
7 0.36328125 0.44140625 0.01953125 0.05078125
7 0.3671875 0.52734375 0.01953125 0.046875
7 0.375 0.6171875 0.01953125 0.05078125
7 0.37109375 0.703125 0.01953125 0.06640625
7 0.37109375 0.79296875 0.01953125 0.0546875
7 0.37109375 0.875 0.015625 0.05078125
7 0.36328125 0.953125 0.015625 0.0546875
8 0.38671875 0.0234375 0.0234375 0.046875
8 0.3984375 0.11328125 0.0234375 0.046875
8 0.39453125 0.1953125 0.01953125 0.05078125
8 0.39453125 0.28125 0.0234375 0.05078125
8 0.3984375 0.359375 0.015625 0.0546875
8 0.39453125 0.44140625 0.015625 0.05078125
8 0.39453125 0.53125 0.01953125 0.046875
8 0.40234375 0.6171875 0.01953125 0.05078125
8 0.3984375 0.703125 0.01953125 0.06640625
8 0.3984375 0.79296875 0.01953125 0.05078125
8 0.3984375 0.875 0.015625 0.0546875
8 0.39453125 0.953125 0.01953125 0.05078125
9 0.421875 0.02734375 0.0234375 0.0546875
9 0.42578125 0.11328125 0.0234375 0.05078125
9 0.42578125 0.1953125 0.01953125 0.05078125
9 0.421875 0.28125 0.0234375 0.05078125
9 0.42578125 0.359375 0.01953125 0.05859375
9 0.42578125 0.44140625 0.01953125 0.05078125
9 0.42578125 0.52734375 0.0234375 0.046875
9 0.4296875 0.6171875 0.0234375 0.05078125
9 0.42578125 0.703125 0.01953125 0.06640625
9 0.42578125 0.79296875 0.01953125 0.0546875
9 0.42578125 0.87109375 0.015625 0.05078125
9 0.421875 0.953125 0.01953125 0.0546875
10 0.44921875 0.0234375 0.0234375 0.046875
10 0.453125 0.11328125 0.0234375 0.05078125
10 0.453125 0.19921875 0.015625 0.05078125
10 0.44921875 0.28125 0.0234375 0.05078125
10 0.45703125 0.36328125 0.015625 0.0625
10 0.45703125 0.4453125 0.01953125 0.05078125
10 0.453125 0.52734375 0.01953125 0.046875
10 0.45703125 0.6171875 0.01953125 0.0546875
10 0.45703125 0.703125 0.01953125 0.06640625
10 0.453125 0.79296875 0.01953125 0.0546875
10 0.453125 0.875 0.015625 0.05078125
10 0.453125 0.953125 0.015625 0.05078125
10 0.95703125 0.02734375 0.01953125 0.05078125
10 0.95703125 0.11328125 0.01953125 0.0546875
10 0.95703125 0.19921875 0.0234375 0.046875
10 0.95703125 0.28125 0.01953125 0.0625
10 0.9609375 0.359375 0.015625 0.04296875
10 0.9296875 0.44140625 0.0234375 0.046875
10 0.9609375 0.52734375 0.015625 0.05078125
10 0.9296875 0.6171875 0.0234375 0.05078125
10 0.9609375 0.70703125 0.0234375 0.06640625
10 0.96484375 0.80078125 0.01953125 0.05078125
10 0.96484375 0.87890625 0.01953125 0.05078125
10 0.96484375 0.95703125 0.01953125 0.046875
9 0.92578125 0.02734375 0.01953125 0.05078125
9 0.9296875 0.11328125 0.01953125 0.0546875
9 0.9296875 0.1953125 0.0234375 0.04296875
9 0.9296875 0.28125 0.01953125 0.0625
9 0.93359375 0.359375 0.015625 0.046875
9 0.8984375 0.44140625 0.0234375 0.05078125
9 0.93359375 0.52734375 0.015625 0.05078125
9 0.90234375 0.6171875 0.0234375 0.05078125
9 0.9296875 0.70703125 0.0234375 0.0703125
9 0.9375 0.80078125 0.01953125 0.05078125
9 0.93359375 0.87890625 0.01953125 0.05078125
9 0.9375 0.95703125 0.01953125 0.046875
8 0.89453125 0.0234375 0.0234375 0.046875
8 0.90234375 0.11328125 0.01953125 0.0546875
8 0.90625 0.19921875 0.0234375 0.046875
8 0.90234375 0.28125 0.015625 0.0625
8 0.90234375 0.359375 0.01953125 0.04296875
8 0.87109375 0.44140625 0.0234375 0.05078125
8 0.90625 0.52734375 0.015625 0.05078125
8 0.875 0.6171875 0.0234375 0.046875
8 0.90625 0.70703125 0.0234375 0.0703125
8 0.91015625 0.80078125 0.01953125 0.0546875
8 0.90625 0.87890625 0.01953125 0.05078125
8 0.91015625 0.9609375 0.01953125 0.046875
7 0.87109375 0.02734375 0.01953125 0.05078125
7 0.875 0.11328125 0.01953125 0.0546875
7 0.87890625 0.19921875 0.0234375 0.046875
7 0.875 0.28125 0.01953125 0.0625
7 0.875 0.359375 0.015625 0.046875
7 0.84765625 0.44140625 0.0234375 0.046875
7 0.87890625 0.52734375 0.015625 0.046875
7 0.84765625 0.6171875 0.01953125 0.05078125
7 0.87890625 0.70703125 0.0234375 0.06640625
7 0.8828125 0.80078125 0.01953125 0.05078125
7 0.87890625 0.87890625 0.0234375 0.05078125
7 0.87890625 0.95703125 0.0234375 0.046875
6 0.84765625 0.02734375 0.01953125 0.05078125
6 0.84375 0.11328125 0.01953125 0.0546875
6 0.84765625 0.1953125 0.01953125 0.046875
6 0.84765625 0.28125 0.01953125 0.06640625
6 0.84765625 0.359375 0.015625 0.04296875
6 0.8203125 0.44140625 0.0234375 0.05078125
6 0.8515625 0.52734375 0.015625 0.05078125
6 0.8203125 0.6171875 0.01953125 0.05078125
6 0.8515625 0.70703125 0.0234375 0.06640625
6 0.85546875 0.796875 0.01953125 0.0546875
6 0.8515625 0.8828125 0.0234375 0.05078125
6 0.84765625 0.9609375 0.01953125 0.046875
5 0.81640625 0.02734375 0.01953125 0.05078125
5 0.81640625 0.11328125 0.0234375 0.0546875
5 0.8203125 0.19921875 0.0234375 0.046875
5 0.81640625 0.28125 0.01953125 0.05859375
5 0.81640625 0.36328125 0.01953125 0.046875
5 0.7890625 0.44140625 0.0234375 0.046875
5 0.82421875 0.52734375 0.015625 0.046875
5 0.79296875 0.6171875 0.0234375 0.05078125
5 0.8203125 0.7109375 0.02734375 0.06640625
5 0.82421875 0.80078125 0.01953125 0.0546875
5 0.8203125 0.87890625 0.0234375 0.05078125
5 0.8203125 0.95703125 0.0234375 0.046875
4 0.7890625 0.02734375 0.01953125 0.0546875
4 0.7890625 0.11328125 0.01953125 0.0546875
4 0.79296875 0.1953125 0.0234375 0.046875
4 0.7890625 0.28125 0.01953125 0.0625
4 0.7890625 0.359375 0.015625 0.04296875
4 0.76171875 0.44140625 0.0234375 0.046875
4 0.79296875 0.52734375 0.015625 0.05078125
4 0.76171875 0.6171875 0.0234375 0.05078125
4 0.79296875 0.70703125 0.0234375 0.0703125
4 0.796875 0.80078125 0.01953125 0.0546875
4 0.79296875 0.8828125 0.01953125 0.0546875
4 0.79296875 0.95703125 0.01953125 0.046875
3 0.76171875 0.02734375 0.01953125 0.046875
3 0.7578125 0.11328125 0.01953125 0.05078125
3 0.765625 0.1953125 0.0234375 0.046875
3 0.765625 0.28125 0.015625 0.0625
3 0.76171875 0.36328125 0.015625 0.04296875
3 0.734375 0.44140625 0.0234375 0.046875
3 0.765625 0.52734375 0.015625 0.05078125
3 0.734375 0.6171875 0.0234375 0.05078125
3 0.765625 0.7109375 0.0234375 0.0703125
3 0.76953125 0.796875 0.01953125 0.0546875
3 0.765625 0.8828125 0.01953125 0.0546875
3 0.76171875 0.95703125 0.01953125 0.04296875
1 0.73828125 0.02734375 0.01171875 0.05078125
1 0.734375 0.11328125 0.01171875 0.0546875
1 0.7421875 0.19921875 0.015625 0.046875
1 0.73828125 0.28125 0.01171875 0.0625
1 0.73828125 0.359375 0.01171875 0.04296875
1 0.7109375 0.44140625 0.015625 0.046875
1 0.73828125 0.53125 0.01171875 0.05078125
1 0.7109375 0.6171875 0.01171875 0.05078125
1 0.7421875 0.70703125 0.015625 0.0703125
1 0.73828125 0.796875 0.01171875 0.05078125
1 0.73828125 0.87890625 0.01171875 0.0546875
1 0.73828125 0.9609375 0.01171875 0.046875
0 0.71484375 0.02734375 0.01953125 0.05078125
0 0.7109375 0.11328125 0.01953125 0.0546875
0 0.71875 0.19921875 0.0234375 0.05078125
0 0.71484375 0.28125 0.01953125 0.05859375
0 0.7109375 0.359375 0.015625 0.04296875
0 0.95703125 0.44140625 0.02734375 0.046875
0 0.7109375 0.53125 0.015625 0.05078125
0 0.95703125 0.6171875 0.0234375 0.05078125
0 0.71484375 0.7109375 0.02734375 0.0703125
0 0.71484375 0.80078125 0.01953125 0.0546875
0 0.71484375 0.87890625 0.0234375 0.0546875
0 0.71484375 0.95703125 0.0234375 0.0546875