1 0.4765625 0.234375 0.00390625 0.01953125
4 0.60546875 0.02734375 0.0078125 0.015625
1 0.3984375 0.36328125 0.00390625 0.0234375
5 0.40234375 0.3671875 0.0078125 0.0234375
3 0.41796875 0.3671875 0.0078125 0.0234375
3 0.43359375 0.36328125 0.0078125 0.0234375
0 0.42578125 0.3671875 0.0078125 0.0234375
0 0.44140625 0.36328125 0.0078125 0.0234375
3 0.453125 0.48828125 0.00390625 0.015625
10 0.45703125 0.48828125 0.0078125 0.015625
1 0.36328125 0.59765625 0.00390625 0.01953125
4 0.37109375 0.59765625 0.0078125 0.0234375
3 0.3828125 0.59765625 0.0078125 0.01953125
3 0.40234375 0.59765625 0.0078125 0.0234375
0 0.39453125 0.59765625 0.0078125 0.0234375
1 0.40625 0.59765625 0.00390625 0.0234375
3 0.453125 0.71875 0.00390625 0.015625
10 0.45703125 0.71875 0.0078125 0.015625
1 0.36328125 0.828125 0.00390625 0.0234375
5 0.37109375 0.83203125 0.0078125 0.0234375
3 0.38671875 0.83203125 0.0078125 0.0234375
0 0.39453125 0.83203125 0.0078125 0.0234375
3 0.40234375 0.83203125 0.0078125 0.0234375
1 0.40625 0.83203125 0.00390625 0.0234375
1 0.46484375 0.91796875 0.00390625 0.015625
3 0.46875 0.91796875 0.00390625 0.015625
1 0.640625 0.91796875 0.00390625 0.015625
0 0.6484375 0.91796875 0.00390625 0.015625
3 0.453125 0.953125 0.00390625 0.015625
10 0.45703125 0.953125 0.0078125 0.015625