1 0.125 0.1015625 0.0078125 0.0234375
0 0.1328125 0.1015625 0.0078125 0.03125
8 0.05078125 0.50390625 0.01171875 0.0234375
1 0.0859375 0.6171875 0.0078125 0.0234375
0 0.09765625 0.6171875 0.0078125 0.02734375
6 0.0859375 0.73046875 0.01171875 0.02734375
1 0.375 0.734375 0.0078125 0.02734375
1 0.609375 0.8046875 0.0078125 0.02734375
10 0.62109375 0.8046875 0.0078125 0.03125
9 0.6328125 0.8046875 0.0078125 0.03125
0 0.64453125 0.8046875 0.0078125 0.03125
5 0.0859375 0.8515625 0.01171875 0.03125
1 0.35546875 0.8515625 0.0078125 0.02734375