0 0.94140625 0.08203125 0.06640625 0.125
0 0.94140625 0.27734375 0.0625 0.1015625
0 0.921875 0.48828125 0.0859375 0.1171875
0 0.96484375 0.6953125 0.0703125 0.12109375
0 0.9453125 0.8984375 0.06640625 0.12890625
1 0.02734375 0.08203125 0.04296875 0.125
1 0.03515625 0.27734375 0.05078125 0.10546875
1 0.03125 0.48828125 0.0390625 0.11328125
1 0.0390625 0.6953125 0.05859375 0.109375
1 0.03515625 0.8984375 0.046875 0.12890625
3 0.1328125 0.078125 0.0625 0.125
3 0.13671875 0.27734375 0.06640625 0.1015625
3 0.1171875 0.48828125 0.0625 0.11328125
3 0.140625 0.6953125 0.0703125 0.1171875
3 0.1328125 0.90234375 0.0625 0.12890625
4 0.234375 0.08203125 0.05859375 0.125
4 0.23828125 0.2734375 0.0703125 0.10546875
4 0.21484375 0.49609375 0.0703125 0.1328125
4 0.2421875 0.6953125 0.06640625 0.11328125
4 0.234375 0.8984375 0.05859375 0.125
5 0.3359375 0.08203125 0.06640625 0.12109375
5 0.33984375 0.2734375 0.0703125 0.1015625
5 0.31640625 0.49609375 0.07421875 0.1328125
5 0.34375 0.69140625 0.078125 0.11328125
5 0.33984375 0.8984375 0.06640625 0.125
6 0.4375 0.08203125 0.0625 0.12109375
6 0.44140625 0.27734375 0.06640625 0.1015625
6 0.41796875 0.49609375 0.06640625 0.1328125
6 0.44921875 0.6953125 0.06640625 0.11328125
6 0.4375 0.8984375 0.05859375 0.125
7 0.53515625 0.08203125 0.06640625 0.12109375
7 0.54296875 0.2734375 0.06640625 0.1015625
7 0.515625 0.48046875 0.0703125 0.1328125
7 0.55078125 0.6953125 0.06640625 0.11328125
7 0.54296875 0.8984375 0.0625 0.125
8 0.63671875 0.08203125 0.05859375 0.1171875
8 0.63671875 0.27734375 0.06640625 0.1015625
8 0.61328125 0.49609375 0.0625 0.13671875
8 0.65625 0.69140625 0.0703125 0.11328125
8 0.640625 0.89453125 0.0625 0.125
9 0.73828125 0.08203125 0.0625 0.125
9 0.73828125 0.27734375 0.06640625 0.1015625
9 0.7109375 0.48046875 0.06640625 0.12890625
9 0.7578125 0.6953125 0.06640625 0.11328125
9 0.7421875 0.8984375 0.05859375 0.125
10 0.8359375 0.08203125 0.06640625 0.12890625
10 0.83984375 0.27734375 0.06640625 0.11328125
10 0.8125 0.49609375 0.0703125 0.1328125
10 0.859375 0.6953125 0.0703125 0.1171875
10 0.84375 0.8984375 0.0625 0.125