8 0.4296875 0.4375 0.1015625 0.08984375
4 0.2890625 0.44140625 0.078125 0.09375
10 0.87109375 0.44140625 0.10546875 0.08984375
1 0.7265625 0.44140625 0.09375 0.078125
3 0.578125 0.4453125 0.1015625 0.078125
0 0.6015625 0.57421875 0.07421875 0.0859375
3 0.87109375 0.57421875 0.078125 0.0859375
6 0.28515625 0.57421875 0.0859375 0.07421875
9 0.4296875 0.578125 0.08984375 0.0859375
1 0.5390625 0.578125 0.05859375 0.08203125
5 0.73046875 0.578125 0.0859375 0.08984375
7 0.42578125 0.70703125 0.08984375 0.078125
4 0.578125 0.70703125 0.09375 0.08203125
9 0.7265625 0.7109375 0.1015625 0.0859375
1 0.2890625 0.7109375 0.0703125 0.0859375
6 0.8671875 0.7109375 0.09375 0.08203125
6 0.2890625 0.8359375 0.0859375 0.0859375
0 0.453125 0.83984375 0.0703125 0.078125
8 0.57421875 0.83984375 0.08984375 0.07421875
10 0.87109375 0.83984375 0.09375 0.07421875
5 0.734375 0.83984375 0.09375 0.078125
1 0.390625 0.83984375 0.04296875 0.078125
6 0.875 0.17578125 0.08984375 0.08984375
5 0.578125 0.1796875 0.09375 0.09375
1 0.2890625 0.1796875 0.0859375 0.0859375
9 0.7265625 0.1796875 0.1015625 0.08203125
10 0.4296875 0.1796875 0.0859375 0.08203125
4 0.4296875 0.30859375 0.109375 0.08203125
9 0.57421875 0.3125 0.08984375 0.08203125
1 0.6875 0.3125 0.0625 0.0859375
0 0.75390625 0.3125 0.078125 0.0859375
7 0.2890625 0.3125 0.08984375 0.0859375
5 0.875 0.31640625 0.08984375 0.078125