5 0.19140625 0.23828125 0.0625 0.29296875
9 0.5546875 0.2421875 0.0625 0.26953125
0 0.75 0.2421875 0.05859375 0.26953125
8 0.25 0.24609375 0.05859375 0.27734375
0 0.81640625 0.24609375 0.0625 0.26953125
4 0.4609375 0.24609375 0.05859375 0.27734375
0 0.87890625 0.24609375 0.0625 0.27734375
9 0.6171875 0.25 0.06640625 0.29296875
6 0.33984375 0.25390625 0.06640625 0.28515625
3 0.3984375 0.25390625 0.05859375 0.25390625
1 0.671875 0.25390625 0.05078125 0.26953125
4 0.125 0.25390625 0.0625 0.31640625