8 0.0546875 0.43359375 0.06640625 0.078125
8 0.77734375 0.43359375 0.07421875 0.078125
8 0.71484375 0.4375 0.06640625 0.08203125
9 0.9453125 0.4375 0.05859375 0.08984375
8 0.21875 0.4375 0.06640625 0.08203125
5 0.27734375 0.4375 0.0703125 0.08984375
6 0.44921875 0.4375 0.05859375 0.08203125
7 0.6171875 0.4375 0.06640625 0.078125
8 0.8828125 0.4375 0.0703125 0.0859375
4 0.11328125 0.4375 0.06640625 0.078125
8 0.5546875 0.44140625 0.06640625 0.1015625
8 0.3828125 0.44140625 0.06640625 0.08203125
10 0.77734375 0.05859375 0.05859375 0.08203125
9 0.3828125 0.55859375 0.0546875 0.08203125
8 0.0546875 0.5625 0.05859375 0.0703125
9 0.71875 0.5625 0.0703125 0.078125
9 0.87890625 0.5625 0.0703125 0.0859375
5 0.9453125 0.5625 0.06640625 0.0859375
1 0.4453125 0.5625 0.06640625 0.078125
9 0.22265625 0.5625 0.05859375 0.08984375
0 0.27734375 0.5625 0.06640625 0.08203125
4 0.77734375 0.56640625 0.05859375 0.08984375
9 0.5546875 0.56640625 0.0703125 0.078125
10 0.11328125 0.56640625 0.06640625 0.0859375
3 0.609375 0.56640625 0.0546875 0.08203125
6 0.05078125 0.0625 0.0703125 0.07421875
6 0.71875 0.0625 0.0703125 0.08984375
9 0.609375 0.0625 0.06640625 0.078125
7 0.8828125 0.0625 0.0703125 0.0859375
0 0.94140625 0.0625 0.06640625 0.078125
6 0.1171875 0.0625 0.05859375 0.078125
6 0.22265625 0.0625 0.05859375 0.078125
6 0.3828125 0.0625 0.06640625 0.0703125
7 0.28125 0.06640625 0.05859375 0.08203125
8 0.4453125 0.06640625 0.0703125 0.0703125
6 0.546875 0.06640625 0.0703125 0.0859375
9 0.0546875 0.68359375 0.0703125 0.078125
7 0.27734375 0.68359375 0.06640625 0.078125
10 0.77734375 0.6875 0.0546875 0.07421875
10 0.88671875 0.6875 0.06640625 0.08203125
6 0.11328125 0.6875 0.06640625 0.0859375
9 0.61328125 0.6875 0.0703125 0.078125
9 0.3828125 0.6875 0.06640625 0.0859375
8 0.44140625 0.6875 0.06640625 0.078125
9 0.5546875 0.69140625 0.05859375 0.08203125
9 0.71484375 0.69140625 0.06640625 0.08984375
9 0.21875 0.69140625 0.06640625 0.08203125
0 0.9453125 0.69140625 0.05859375 0.0859375
3 0.27734375 0.8046875 0.05859375 0.0859375
7 0.9453125 0.80859375 0.06640625 0.09375
4 0.4453125 0.80859375 0.06640625 0.078125
10 0.5546875 0.8125 0.05078125 0.08203125
6 0.78125 0.8125 0.06640625 0.06640625
1 0.109375 0.8125 0.0546875 0.08203125
10 0.71875 0.8125 0.0703125 0.078125
10 0.8828125 0.8125 0.07421875 0.0859375
10 0.3828125 0.8125 0.0703125 0.078125
5 0.61328125 0.81640625 0.06640625 0.078125
10 0.05859375 0.81640625 0.06640625 0.08203125
10 0.22265625 0.81640625 0.0703125 0.08203125
10 0.4453125 0.9296875 0.0703125 0.10546875
1 0.5390625 0.93359375 0.0546875 0.078125
0 0.65625 0.93359375 0.0546875 0.09375
8 0.109375 0.93359375 0.06640625 0.078125
9 0.27734375 0.93359375 0.06640625 0.078125
0 0.59375 0.93359375 0.0703125 0.078125
10 0.21484375 0.93359375 0.05859375 0.08203125
10 0.0546875 0.9375 0.05859375 0.0859375
10 0.3828125 0.9375 0.06640625 0.08203125
7 0.21875 0.1875 0.06640625 0.078125
7 0.55078125 0.1875 0.0703125 0.078125
7 0.0546875 0.1875 0.05859375 0.08203125
5 0.609375 0.1875 0.06640625 0.08203125
7 0.72265625 0.1875 0.06640625 0.07421875
6 0.77734375 0.1875 0.05859375 0.07421875
7 0.8828125 0.1875 0.0703125 0.08203125
1 0.109375 0.1875 0.05859375 0.07421875
7 0.38671875 0.1875 0.05859375 0.08203125
4 0.4453125 0.1875 0.06640625 0.08203125
7 0.94140625 0.19140625 0.05859375 0.08203125
3 0.27734375 0.19140625 0.05859375 0.07421875
8 0.8828125 0.30859375 0.0703125 0.078125
8 0.5546875 0.30859375 0.05859375 0.078125
8 0.11328125 0.30859375 0.0546875 0.0859375
10 0.44140625 0.30859375 0.06640625 0.0859375
7 0.05078125 0.30859375 0.0703125 0.07421875
3 0.94140625 0.3125 0.06640625 0.08203125
0 0.609375 0.3125 0.06640625 0.0859375
9 0.27734375 0.3125 0.06640625 0.0859375
8 0.71875 0.3125 0.0703125 0.07421875
7 0.22265625 0.3125 0.05859375 0.08203125
1 0.76953125 0.31640625 0.06640625 0.0703125
7 0.3828125 0.31640625 0.0703125 0.08984375