10 0.11328125 0.828125 0.11328125 0.22265625
0 0.40625 0.83203125 0.09375 0.203125
1 0.6484375 0.83203125 0.08203125 0.203125
3 0.91015625 0.83203125 0.0859375 0.2265625
1 0.82421875 0.8359375 0.08203125 0.22265625
1 0.3046875 0.8359375 0.09765625 0.23828125
1 0.56640625 0.83984375 0.078125 0.2109375
5 0.8671875 0.1640625 0.11328125 0.22265625
4 0.60546875 0.16796875 0.109375 0.2265625
3 0.35546875 0.16796875 0.11328125 0.203125
1 0.12109375 0.17578125 0.11328125 0.22265625
6 0.11328125 0.48828125 0.12109375 0.23828125
8 0.61328125 0.5 0.10546875 0.21484375
7 0.36328125 0.50390625 0.11328125 0.22265625
9 0.8671875 0.50390625 0.109375 0.22265625