10 0.54296875 0.04296875 0.01171875 0.0234375
3 0.19921875 0.25390625 0.01171875 0.01953125
3 0.21484375 0.25390625 0.01171875 0.015625
3 0.6640625 0.25390625 0.01171875 0.015625
6 0.42578125 0.25390625 0.01171875 0.01953125
1 0.4375 0.25390625 0.0078125 0.015625
6 0.64453125 0.25390625 0.01171875 0.015625
1 0.046875 0.84765625 0.0078125 0.0234375
3 0.05859375 0.84765625 0.015625 0.0234375
4 0.078125 0.84765625 0.01171875 0.0234375
0 0.09375 0.84765625 0.015625 0.0234375
1 0.21875 0.84765625 0.0078125 0.0234375
9 0.23046875 0.84765625 0.015625 0.0234375
3 0.2578125 0.84765625 0.015625 0.0234375
3 0.28515625 0.84765625 0.015625 0.0234375
3 0.0546875 0.9453125 0.015625 0.0234375
0 0.2734375 0.84765625 0.015625 0.0234375
1 0.296875 0.84765625 0.0078125 0.0234375
5 0.0703125 0.9453125 0.015625 0.0234375
5 0.50390625 0.9453125 0.015625 0.0234375
1 0.0859375 0.9453125 0.0078125 0.0234375
1 0.45703125 0.9453125 0.0078125 0.0234375
4 0.4765625 0.9453125 0.015625 0.0234375
9 0.23828125 0.9453125 0.015625 0.0234375
8 0.25390625 0.9453125 0.015625 0.0234375
1 0.48828125 0.9453125 0.0078125 0.0234375