1 0.03515625 0.265625 0.03125 0.33203125
3 0.078125 0.26171875 0.0390625 0.3203125
4 0.12890625 0.265625 0.0390625 0.31640625
5 0.171875 0.265625 0.0390625 0.31640625
6 0.21875 0.26171875 0.04296875 0.32421875
7 0.26953125 0.265625 0.04296875 0.32421875
8 0.3125 0.265625 0.04296875 0.328125
9 0.359375 0.265625 0.0390625 0.31640625
10 0.40625 0.26171875 0.04296875 0.33203125
0 0.453125 0.26171875 0.04296875 0.32421875
1 0.03125 0.66015625 0.0234375 0.1875
1 0.3515625 0.80078125 0.0234375 0.19140625
1 0.6953125 0.87890625 0.0234375 0.18359375
3 0.05859375 0.65625 0.0234375 0.18359375
4 0.0859375 0.66015625 0.0234375 0.18359375
4 0.41015625 0.80078125 0.0234375 0.1796875
4 0.7578125 0.8828125 0.0234375 0.1875
3 0.37890625 0.796875 0.0234375 0.18359375
3 0.7265625 0.8828125 0.0234375 0.19140625
5 0.1171875 0.6640625 0.0234375 0.19140625
5 0.4375 0.8046875 0.0234375 0.19140625
5 0.78515625 0.8828125 0.0234375 0.18359375
6 0.1484375 0.66015625 0.02734375 0.1875
6 0.46875 0.796875 0.0234375 0.18359375
6 0.81640625 0.8828125 0.0234375 0.18359375
7 0.17578125 0.66015625 0.02734375 0.1953125
7 0.5 0.80078125 0.02734375 0.18359375
7 0.84765625 0.8828125 0.0234375 0.18359375
8 0.20703125 0.66015625 0.0234375 0.19140625
8 0.52734375 0.80078125 0.0234375 0.19140625
8 0.875 0.87890625 0.0234375 0.18359375
9 0.234375 0.6640625 0.0234375 0.19140625
9 0.5546875 0.796875 0.0234375 0.1875
9 0.90234375 0.87890625 0.0234375 0.1875
10 0.265625 0.6640625 0.02734375 0.19921875
10 0.5859375 0.796875 0.02734375 0.1875
10 0.93359375 0.87890625 0.0234375 0.19140625
0 0.29296875 0.6640625 0.02734375 0.1875
0 0.61328125 0.796875 0.02734375 0.18359375
0 0.96484375 0.8828125 0.02734375 0.19140625