7 0.0703125 0.56640625 0.01171875 0.03125
8 0.171875 0.56640625 0.01171875 0.03125
1 0.05859375 0.56640625 0.015625 0.03515625
3 0.1328125 0.56640625 0.01171875 0.03125
0 0.1484375 0.56640625 0.015625 0.03125
1 0.16015625 0.56640625 0.01171875 0.03125
10 0.296875 0.71484375 0.015625 0.04296875
3 0.28125 0.71484375 0.015625 0.04296875
10 0.09375 0.71484375 0.015625 0.0390625
1 0.078125 0.71484375 0.015625 0.04296875
4 0.125 0.88671875 0.01171875 0.03515625
10 0.30078125 0.88671875 0.01171875 0.03515625
3 0.453125 0.88671875 0.01171875 0.03125
1 0.2890625 0.88671875 0.01171875 0.0390625
10 0.46484375 0.88671875 0.01171875 0.03125