0 0.234375 0.54296875 0.01171875 0.03515625
3 0.22265625 0.54296875 0.01171875 0.03125
7 0.0546875 0.54296875 0.01171875 0.0390625
3 0.171875 0.54296875 0.01171875 0.03125
1 0.25 0.54296875 0.01171875 0.03125
6 0.08984375 0.54296875 0.01171875 0.03515625
1 0.07421875 0.54296875 0.01171875 0.03515625
1 0.15625 0.54296875 0.01171875 0.03515625
8 0.26171875 0.54296875 0.01171875 0.03515625
3 0.31640625 0.69921875 0.015625 0.046875
7 0.28125 0.6953125 0.015625 0.04296875
3 0.08203125 0.69921875 0.015625 0.0390625
10 0.30078125 0.69921875 0.015625 0.046875
4 0.11328125 0.69921875 0.015625 0.04296875
6 0.09375 0.69921875 0.015625 0.04296875
7 0.453125 0.87890625 0.015625 0.03515625
3 0.2890625 0.87890625 0.01171875 0.03515625
6 0.30078125 0.87890625 0.01171875 0.03515625
10 0.46484375 0.87890625 0.01171875 0.03515625
3 0.12109375 0.87890625 0.015625 0.0390625
5 0.13671875 0.87890625 0.01171875 0.0390625
3 0.48046875 0.87890625 0.01171875 0.0390625
4 0.31640625 0.87890625 0.01171875 0.03515625