8 0.15625 0.56640625 0.015625 0.03515625
7 0.05859375 0.56640625 0.01171875 0.03515625
3 0.21875 0.56640625 0.01171875 0.03515625
0 0.23046875 0.56640625 0.01171875 0.03515625
6 0.07421875 0.56640625 0.01171875 0.03515625
1 0.24609375 0.56640625 0.01171875 0.03515625
8 0.2578125 0.56640625 0.01171875 0.03515625
5 0.08984375 0.56640625 0.015625 0.03515625
0 0.33984375 0.71484375 0.015625 0.0390625
5 0.1171875 0.71484375 0.015625 0.0390625
5 0.32421875 0.71484375 0.015625 0.04296875
1 0.28515625 0.7109375 0.015625 0.04296875
1 0.30078125 0.71484375 0.015625 0.046875
8 0.35546875 0.71484375 0.015625 0.04296875
6 0.078125 0.71484375 0.015625 0.0390625
3 0.1015625 0.71484375 0.015625 0.0390625
0 0.1328125 0.71484375 0.015625 0.04296875
1 0.453125 0.8828125 0.01171875 0.03515625
1 0.46484375 0.8828125 0.015625 0.0390625
5 0.1328125 0.88671875 0.01171875 0.03515625
6 0.2890625 0.88671875 0.01171875 0.03515625
5 0.484375 0.8828125 0.01171875 0.0390625
3 0.30859375 0.88671875 0.015625 0.03515625
3 0.125 0.88671875 0.015625 0.03515625
8 0.1484375 0.88671875 0.015625 0.03515625