3 0.15625 0.66015625 0.015625 0.0234375
3 0.234375 0.66015625 0.015625 0.0234375
10 0.05859375 0.66015625 0.015625 0.02734375
0 0.24609375 0.66015625 0.015625 0.0234375
0 0.07421875 0.66015625 0.015625 0.02734375
9 0.171875 0.66015625 0.015625 0.0234375
1 0.2578125 0.66015625 0.01171875 0.02734375
8 0.2734375 0.66015625 0.01171875 0.0234375
6 0.08984375 0.66015625 0.01171875 0.02734375
7 0.28125 0.78125 0.015625 0.03125
1 0.296875 0.78125 0.015625 0.03125
3 0.078125 0.78125 0.015625 0.03125
0 0.09375 0.78125 0.015625 0.03125
0 0.30078125 0.9140625 0.01171875 0.0234375
1 0.46484375 0.9140625 0.01171875 0.02734375
7 0.125 0.91015625 0.01171875 0.02734375
7 0.453125 0.91015625 0.01171875 0.02734375
3 0.2890625 0.91015625 0.015625 0.02734375