0 0.2421875 0.60546875 0.015625 0.02734375
4 0.16796875 0.60546875 0.015625 0.03125
3 0.23046875 0.60546875 0.01171875 0.02734375
8 0.26953125 0.60546875 0.01171875 0.02734375
1 0.0546875 0.60546875 0.01171875 0.03515625
4 0.0859375 0.60546875 0.01171875 0.03125
10 0.09765625 0.60546875 0.01171875 0.03125
1 0.2578125 0.60546875 0.01171875 0.03125
1 0.06640625 0.60546875 0.01171875 0.03125
0 0.27734375 0.74609375 0.015625 0.03515625
8 0.296875 0.74609375 0.015625 0.03515625
3 0.07421875 0.74609375 0.015625 0.0390625
7 0.10546875 0.74609375 0.015625 0.03515625
9 0.08984375 0.74609375 0.015625 0.0390625
9 0.26171875 0.7421875 0.01953125 0.0390625
9 0.30078125 0.8984375 0.01171875 0.03125
3 0.12109375 0.8984375 0.01171875 0.03125
3 0.2890625 0.8984375 0.01171875 0.03125
7 0.3125 0.8984375 0.01171875 0.03125
1 0.1328125 0.8984375 0.01171875 0.03125
9 0.453125 0.8984375 0.015625 0.03125
0 0.46484375 0.8984375 0.01171875 0.03125
8 0.48046875 0.8984375 0.01171875 0.02734375