8 0.32421875 0.21875 0.0078125 0.0234375
3 0.234375 0.56640625 0.01171875 0.03125
0 0.24609375 0.56640625 0.015625 0.03515625
3 0.15625 0.56640625 0.01171875 0.03125
1 0.171875 0.56640625 0.0078125 0.03515625
1 0.2578125 0.56640625 0.01171875 0.03515625
8 0.2734375 0.56640625 0.01171875 0.03125
4 0.07421875 0.56640625 0.01171875 0.03125
3 0.05859375 0.56640625 0.01171875 0.03125
5 0.08984375 0.56640625 0.01171875 0.03125
8 0.109375 0.71484375 0.015625 0.0390625
6 0.28125 0.71484375 0.015625 0.04296875
8 0.09375 0.71484375 0.015625 0.0390625
9 0.26171875 0.71484375 0.015625 0.046875
4 0.078125 0.71484375 0.015625 0.0390625
0 0.296875 0.71484375 0.015625 0.0390625
6 0.46484375 0.88671875 0.01171875 0.03515625
0 0.48046875 0.88671875 0.01171875 0.03515625
8 0.30078125 0.88671875 0.01171875 0.03125
9 0.453125 0.88671875 0.015625 0.0390625
1 0.12109375 0.88671875 0.015625 0.03515625
7 0.13671875 0.88671875 0.01171875 0.03125
4 0.2890625 0.88671875 0.01171875 0.03125
8 0.31640625 0.88671875 0.015625 0.03125