4 0.26171875 0.08203125 0.015625 0.01953125
0 0.28515625 0.08203125 0.015625 0.01953125
6 0.296875 0.08203125 0.01171875 0.01953125
1 0.1484375 0.19140625 0.0078125 0.0234375
0 0.1640625 0.19140625 0.015625 0.0234375
6 0.1328125 0.31640625 0.015625 0.0234375
1 0.1796875 0.58984375 0.0078125 0.01953125
5 0.1953125 0.58984375 0.015625 0.01953125
10 0.2421875 0.58984375 0.015625 0.01953125
0 0.26171875 0.58984375 0.01171875 0.01953125
0 0.2734375 0.58984375 0.01171875 0.01953125
1 0.1796875 0.81640625 0.0078125 0.01953125
4 0.1953125 0.81640625 0.015625 0.0234375
10 0.2421875 0.81640625 0.015625 0.01953125
0 0.26171875 0.81640625 0.015625 0.01953125
0 0.2734375 0.81640625 0.015625 0.01953125