3 0.1796875 0.08203125 0.015625 0.01953125
3 0.7109375 0.24609375 0.01171875 0.0234375
3 0.2421875 0.6015625 0.01171875 0.01953125
3 0.23828125 0.84375 0.01171875 0.0234375
3 0.5078125 0.97265625 0.015625 0.0234375
8 0.2265625 0.08203125 0.01171875 0.01953125
8 0.7578125 0.24609375 0.015625 0.0234375
8 0.17578125 0.35546875 0.015625 0.01953125
0 0.24609375 0.08203125 0.015625 0.01953125
0 0.2578125 0.08203125 0.015625 0.0234375
0 0.7265625 0.24609375 0.015625 0.0234375
0 0.23828125 0.35546875 0.015625 0.015625
0 0.2578125 0.35546875 0.01171875 0.01953125
0 0.26953125 0.35546875 0.015625 0.01953125
0 0.40234375 0.65625 0.015625 0.0234375
0 0.41796875 0.65625 0.015625 0.0234375
0 0.43359375 0.65625 0.015625 0.0234375
0 0.2578125 0.84375 0.015625 0.0234375
0 0.2734375 0.84765625 0.015625 0.0234375
1 0.73828125 0.2421875 0.0078125 0.0234375
1 0.22265625 0.35546875 0.0078125 0.015625
7 0.171875 0.6015625 0.01171875 0.01953125
6 0.21875 0.6015625 0.01171875 0.01953125
6 0.25390625 0.6015625 0.01171875 0.01953125
1 0.37890625 0.65625 0.0078125 0.0234375
5 0.1796875 0.84765625 0.015625 0.01953125
1 0.2265625 0.84375 0.0078125 0.0234375
6 0.5546875 0.97265625 0.015625 0.0234375