1 0.2734375 0.44140625 0.08984375 0.10546875
3 0.43359375 0.44140625 0.06640625 0.09375
4 0.5625 0.44140625 0.078125 0.06640625
5 0.70703125 0.44140625 0.0546875 0.0859375
6 0.8203125 0.44140625 0.0703125 0.08203125
1 0.13671875 0.55078125 0.078125 0.05078125
7 0.28515625 0.5546875 0.08984375 0.09765625
8 0.41015625 0.5546875 0.078125 0.0703125
9 0.54296875 0.55078125 0.07421875 0.06640625
10 0.66015625 0.55078125 0.0625 0.08984375
0 0.7734375 0.546875 0.0546875 0.07421875
3 0.37109375 0.69140625 0.09765625 0.09765625