1 0.25 0.3828125 0.0625 0.0859375
3 0.3984375 0.421875 0.1171875 0.09375
4 0.61328125 0.47265625 0.09765625 0.07421875
5 0.82421875 0.51953125 0.0859375 0.0859375
0 0.13671875 0.4609375 0.078125 0.078125
7 0.30078125 0.51171875 0.1171875 0.078125
8 0.4609375 0.53515625 0.06640625 0.09765625
9 0.6171875 0.57421875 0.05859375 0.09765625
10 0.69921875 0.6015625 0.06640625 0.1015625
0 0.41796875 0.046875 0.09375 0.08984375
7 0.59375 0.07421875 0.08984375 0.08203125
8 0.7421875 0.10546875 0.0703125 0.078125
4 0.84765625 0.05078125 0.1015625 0.07421875
9 0.91796875 0.14453125 0.0859375 0.08984375