1 0.2578125 0.4375 0.09765625 0.09375
3 0.42578125 0.44140625 0.13671875 0.08984375
4 0.55859375 0.44140625 0.0859375 0.078125
5 0.6875 0.44140625 0.08984375 0.078125
6 0.81640625 0.4375 0.05859375 0.09375
1 0.12890625 0.54296875 0.05859375 0.078125
7 0.29296875 0.5546875 0.0859375 0.08203125
8 0.41015625 0.546875 0.078125 0.07421875
9 0.54296875 0.54296875 0.078125 0.08203125
10 0.64453125 0.55078125 0.06640625 0.07421875
0 0.7578125 0.55078125 0.0859375 0.0859375
3 0.375 0.68359375 0.09375 0.0859375