0 0.33203125 0.03515625 0.0703125 0.0625
7 0.4765625 0.046875 0.08984375 0.05859375
8 0.61328125 0.05078125 0.078125 0.08203125
9 0.78125 0.0546875 0.05859375 0.06640625
10 0.96875 0.07421875 0.0625 0.0546875
1 0.28125 0.33984375 0.0703125 0.06640625
3 0.4296875 0.359375 0.10546875 0.0703125
4 0.609375 0.37109375 0.05859375 0.078125
5 0.7890625 0.37109375 0.0625 0.08984375
0 0.19921875 0.4375 0.078125 0.08984375
7 0.34375 0.44140625 0.0546875 0.0703125
8 0.5078125 0.4453125 0.08203125 0.0703125
9 0.65234375 0.453125 0.06640625 0.08203125
10 0.72265625 0.453125 0.0625 0.06640625