1 0.27734375 0.453125 0.09765625 0.109375
3 0.4296875 0.453125 0.08203125 0.09375
4 0.56640625 0.4453125 0.0859375 0.0859375
5 0.6953125 0.43359375 0.1015625 0.07421875
6 0.81640625 0.43359375 0.07421875 0.08984375
1 0.1328125 0.546875 0.0703125 0.0703125
7 0.2890625 0.55859375 0.078125 0.0859375
8 0.3984375 0.5546875 0.0703125 0.0859375
9 0.5390625 0.5625 0.08203125 0.09765625
10 0.65625 0.5546875 0.0546875 0.07421875
0 0.76953125 0.55859375 0.06640625 0.06640625
3 0.37890625 0.6875 0.109375 0.09375