0 0.56640625 0.08203125 0.10546875 0.0859375
7 0.7109375 0.1328125 0.13671875 0.1015625
1 0.6875 0.0234375 0.078125 0.04296875
3 0.828125 0.07421875 0.06640625 0.0703125
8 0.8828125 0.19140625 0.08203125 0.08984375
1 0.3046875 0.42578125 0.09375 0.1328125
3 0.42578125 0.5078125 0.1015625 0.09765625
4 0.6328125 0.578125 0.1171875 0.10546875
5 0.86328125 0.68359375 0.109375 0.1171875
0 0.1328125 0.51171875 0.09765625 0.08984375
7 0.296875 0.5703125 0.08984375 0.109375
8 0.46875 0.63671875 0.05859375 0.10546875
9 0.62109375 0.69921875 0.09375 0.125
10 0.71875 0.75 0.0703125 0.1171875